Epoch	AverageEpRet	StdEpRet	MaxEpRet	MinEpRet	AverageTestEpRet	StdTestEpRet	MaxTestEpRet	MinTestEpRet	EpLen	TestEpLen	TotalEnvInteracts	AverageQVals	StdQVals	MaxQVals	MinQVals	LossPi	LossQ	Time
1	-179.007	7.78452	-165.437	-184.989	-667.428	2.82085	-661.998	-671.553	1000.0	1000.0	5000	11.643	8.22359	34.3896	-0.754923	-13.0176	0.22139	21.54100465774536
2	-138.113	69.6734	1.09257	-177.375	-637.541	35.4088	-587.816	-689.862	800.4	1000.0	10000	39.182	8.21735	67.2576	9.89859	-41.0689	0.799571	40.01522636413574
3	-360.043	173.464	-137.077	-568.432	-1701.46	8.39863	-1688.67	-1716.93	1000.0	1000.0	15000	56.6888	4.59358	77.4095	35.1353	-57.7281	1.45562	69.10506653785706
4	-571.408	547.513	-54.9677	-1611.7	97.393	38.968	183.903	49.8062	1000.0	1000.0	20000	54.7562	3.09769	72.3122	35.3149	-55.3951	0.950973	93.19930386543274
5	58.7495	385.343	352.559	-685.239	771.879	597.781	1226.16	-768.552	1000.0	1000.0	25000	52.023	3.90273	71.9307	26.1543	-52.8012	1.04021	118.03346967697144
6	269.428	858.784	1086.89	-1206.34	-332.636	480.492	830.774	-868.485	1000.0	1000.0	30000	53.7298	9.61458	87.7871	5.45639	-54.6498	1.72319	157.23065781593323
7	475.868	524.901	1123.39	-346.377	711.914	904.973	1468.0	-793.754	1000.0	1000.0	35000	61.1433	15.6415	101.722	-2.50879	-62.1988	2.74028	183.5501458644867
8	105.365	887.641	1193.82	-796.334	1332.13	329.731	1610.03	412.226	1000.0	1000.0	40000	69.5815	20.1641	107.068	-2.39227	-70.6773	3.31265	217.71374464035034
9	1298.46	87.5702	1432.34	1193.59	1500.86	118.161	1645.59	1296.62	1000.0	1000.0	45000	79.0401	22.4272	124.616	-2.09906	-80.1437	3.71007	243.52061104774475
10	1378.17	36.4086	1444.12	1341.15	1377.78	478.667	1673.6	-28.0701	1000.0	1000.0	50000	90.7775	23.9837	138.44	-0.530353	-91.8726	3.94637	270.72206807136536
11	1494.97	107.67	1624.05	1329.32	1605.23	101.554	1723.5	1367.74	1000.0	1000.0	55000	101.707	23.9045	147.867	5.06685	-102.747	4.0808	295.4634382724762
12	1588.67	139.073	1806.7	1418.87	1780.13	91.8237	1984.12	1678.11	1000.0	1000.0	60000	111.673	23.229	157.578	14.9187	-112.689	4.19498	319.5779974460602
13	1748.33	56.2257	1821.94	1677.82	1983.56	51.4627	2051.41	1906.14	1000.0	1000.0	65000	121.359	22.9157	168.136	25.0222	-122.369	4.23237	343.60899114608765
14	1278.41	1180.72	1943.23	-1079.29	1738.97	467.939	2061.55	370.467	1000.0	1000.0	70000	130.434	24.1687	179.719	35.3383	-131.434	4.49941	367.52920603752136
15	1368.76	894.772	1934.81	-402.959	2023.53	151.77	2236.46	1729.88	1000.0	1000.0	75000	138.935	26.7979	189.988	38.3294	-139.964	5.01714	391.63626432418823
16	1603.06	566.996	1977.32	476.845	2006.65	86.3254	2115.52	1867.47	1000.0	1000.0	80000	146.428	29.4378	199.094	43.1205	-147.449	5.61931	415.7805199623108
17	2012.24	85.2614	2142.34	1882.16	2208.94	85.6618	2350.52	2096.14	1000.0	1000.0	85000	154.658	30.8569	211.866	47.0844	-155.678	5.66363	440.21301531791687
18	2078.98	79.552	2225.95	1984.13	2012.34	81.9195	2158.53	1888.19	1000.0	1000.0	90000	162.627	31.5691	215.854	52.2811	-163.647	5.8249	464.55528593063354
19	2128.3	123.604	2254.97	1914.16	2334.69	154.71	2483.1	1961.08	1000.0	1000.0	95000	170.948	32.602	222.011	54.9613	-172.002	5.9878	488.8317449092865
20	2176.34	141.025	2422.34	2025.81	2394.26	63.5393	2502.5	2297.28	1000.0	1000.0	100000	179.3	32.8479	233.196	57.2825	-180.355	6.21958	513.3333699703217
21	2216.62	129.468	2390.53	2047.07	2263.18	53.3562	2348.95	2186.43	1000.0	1000.0	105000	187.308	32.1908	239.776	65.6103	-188.348	5.98024	537.5659589767456
22	2207.04	110.894	2359.59	2082.13	2164.75	539.757	2487.55	568.507	1000.0	1000.0	110000	194.354	31.6104	247.605	70.1128	-195.384	6.18656	562.1521821022034
23	2202.59	69.4329	2319.21	2132.73	2410.52	82.9874	2566.63	2257.45	1000.0	1000.0	115000	200.589	31.3308	256.263	76.8112	-201.612	6.21092	586.3355386257172
24	1816.28	789.731	2333.05	244.841	2456.28	70.2406	2574.91	2361.17	1000.0	1000.0	120000	205.762	31.19	259.154	81.2964	-206.736	6.62493	610.9479327201843
25	2171.75	401.665	2421.82	1371.08	1669.22	1093.46	2475.31	-830.96	1000.0	1000.0	125000	209.189	32.5611	268.574	77.7839	-210.162	7.34263	635.2776253223419
26	2251.67	48.7774	2330.4	2197.64	2308.75	440.818	2610.33	1015.78	1000.0	1000.0	130000	213.77	31.7429	272.515	80.5891	-214.757	7.07551	659.6205670833588
27	2339.25	114.848	2459.45	2124.87	2424.75	107.465	2558.01	2258.64	1000.0	1000.0	135000	217.88	31.0854	276.11	81.3045	-218.83	7.2287	684.1231639385223
28	2345.26	91.4975	2436.86	2174.26	2233.01	531.593	2701.85	677.746	1000.0	1000.0	140000	221.346	29.7298	275.815	84.8178	-222.288	7.53665	708.3465304374695
29	2221.31	342.916	2461.4	1545.97	2315.59	156.715	2524.36	1919.72	1000.0	1000.0	145000	224.136	29.1704	280.803	82.4588	-225.038	7.27558	732.8729658126831
30	2371.53	140.363	2530.14	2134.58	2557.4	183.467	2817.91	2194.13	1000.0	1000.0	150000	226.273	30.2963	282.959	71.4897	-227.155	7.57444	757.2582197189331
31	2282.52	96.2607	2426.79	2169.07	2587.98	126.405	2749.89	2296.8	1000.0	1000.0	155000	228.409	30.8756	284.977	66.955	-229.285	7.83238	781.7052233219147
32	2406.96	182.15	2747.36	2207.49	2513.56	283.72	2744.46	1693.96	1000.0	1000.0	160000	230.874	31.2461	287.69	63.3492	-231.738	7.86976	806.4207434654236
33	2389.3	24.7253	2412.9	2347.79	2003.26	1010.18	2643.62	-695.425	1000.0	1000.0	165000	233.293	31.638	289.52	60.8946	-234.164	8.1339	830.8400504589081
34	2367.5	92.3182	2548.89	2297.12	2497.96	110.789	2706.84	2318.49	1000.0	1000.0	170000	235.69	31.4273	296.585	57.7952	-236.548	7.91896	855.3063178062439
35	2423.68	140.716	2597.19	2184.92	2596.97	116.492	2740.76	2312.08	1000.0	1000.0	175000	237.823	31.3614	299.121	65.2837	-238.674	7.69004	879.6720855236053
36	2438.15	150.512	2706.62	2247.2	2386.51	754.273	2917.89	147.156	1000.0	1000.0	180000	239.943	31.0269	297.324	66.5906	-240.787	8.19044	904.5659756660461
37	2540.43	52.7719	2620.74	2480.36	1956.22	1105.26	2899.83	27.0258	1000.0	1000.0	185000	242.059	30.655	301.013	69.5565	-242.898	7.766	929.3922486305237
38	2580.46	129.771	2752.24	2372.64	2635.58	226.572	2938.92	2057.22	1000.0	1000.0	190000	243.888	30.1187	301.371	71.5906	-244.719	7.83147	953.9944033622742
39	2683.88	128.461	2895.38	2548.77	2369.03	855.269	2864.18	44.729	1000.0	1000.0	195000	245.93	29.9546	307.763	75.9053	-246.757	8.12092	978.6360909938812
40	2640.55	72.3701	2714.01	2515.52	2508.78	357.286	2764.87	1471.22	1000.0	1000.0	200000	247.901	30.0275	305.433	78.6429	-248.719	8.04497	1003.3867521286011
41	2485.45	95.6299	2608.53	2327.08	2238.81	638.506	3019.58	1043.86	1000.0	1000.0	205000	249.94	29.8996	309.279	79.4774	-250.762	8.24139	1027.7246997356415
42	2154.91	986.816	2729.6	186.599	2521.07	884.481	2948.37	-115.841	1000.0	1000.0	210000	251.695	30.195	311.818	74.3397	-252.5	8.32722	1052.401804447174
43	2593.24	107.685	2739.7	2414.02	2472.42	546.585	2931.49	1101.24	1000.0	1000.0	215000	253.185	31.9175	312.704	62.1364	-253.997	8.43175	1076.9552171230316
44	2457.79	455.031	2876.33	1600.41	2569.79	519.511	2878.0	1053.64	1000.0	1000.0	220000	255.268	32.8227	314.683	60.4887	-256.096	8.89091	1101.5563349723816
45	2668.98	132.011	2870.83	2476.19	2631.26	288.037	2892.4	1818.92	1000.0	1000.0	225000	257.859	33.2216	315.117	53.5248	-258.713	9.1082	1126.1016318798065
46	2697.71	94.7039	2792.24	2571.57	2440.38	690.801	3071.68	920.165	1000.0	1000.0	230000	260.578	33.1125	321.747	47.7629	-261.435	8.59993	1150.8025197982788
47	2576.01	357.147	2908.85	1891.43	2772.76	131.58	3033.73	2581.32	1000.0	1000.0	235000	263.47	32.642	322.2	50.2441	-264.329	8.87083	1175.382004737854
48	2729.68	183.123	2942.47	2409.91	2325.39	1086.56	3020.88	-370.846	1000.0	1000.0	240000	265.61	32.1564	324.58	52.206	-266.46	8.85139	1200.2984583377838
49	2739.61	80.5909	2859.11	2639.0	2989.87	185.94	3294.43	2691.51	1000.0	1000.0	245000	267.626	31.8832	331.636	63.9772	-268.469	8.54483	1224.9553017616272
50	2488.31	1198.71	3311.23	119.414	3144.3	174.177	3451.51	2822.26	1000.0	1000.0	250000	269.03	33.2042	334.861	58.9656	-269.853	9.32416	1249.5916585922241
51	2849.5	106.027	3012.49	2692.5	3279.43	192.305	3507.86	2894.3	1000.0	1000.0	255000	270.872	34.1313	337.279	55.014	-271.712	9.89164	1274.685953617096
52	3056.18	177.524	3292.31	2799.9	3230.49	95.8395	3396.57	3095.91	1000.0	1000.0	260000	272.772	34.653	338.108	50.5389	-273.608	9.51278	1299.6520173549652
53	3012.45	135.065	3159.93	2801.46	3230.12	128.641	3415.53	2960.86	1000.0	1000.0	265000	275.101	34.9812	341.344	54.3423	-275.957	9.68658	1324.49241232872
54	2938.84	106.468	3123.05	2832.02	2801.39	972.578	3460.64	755.241	1000.0	1000.0	270000	277.948	35.3836	346.17	49.824	-278.816	9.95112	1349.177882194519
55	3122.27	136.124	3293.49	2904.18	3227.3	129.818	3410.89	2972.41	1000.0	1000.0	275000	280.562	35.3964	349.15	55.4868	-281.451	9.96483	1374.1449086666107
56	2894.94	383.14	3211.45	2152.19	2778.17	1344.14	3584.81	-375.883	1000.0	1000.0	280000	283.262	35.1962	351.251	56.076	-284.156	9.85518	1399.1965234279633
57	2862.6	442.739	3129.65	1979.81	3275.37	88.9215	3450.85	3097.6	1000.0	1000.0	285000	286.148	34.7276	359.503	66.3299	-287.041	10.487	1424.103268146515
58	3190.27	156.553	3489.06	3057.42	3283.09	152.77	3510.5	2964.5	1000.0	1000.0	290000	288.807	35.4343	359.083	80.9335	-289.701	10.5741	1448.9181995391846
59	3082.85	140.461	3255.69	2897.76	3369.2	174.497	3618.68	3063.38	1000.0	1000.0	295000	291.571	36.6283	366.915	81.8654	-292.487	10.3993	1474.111526966095
60	3209.39	150.187	3442.61	3049.91	3340.37	141.08	3509.91	3121.62	1000.0	1000.0	300000	294.729	36.8553	373.442	75.3798	-295.679	11.4832	1499.3333218097687
61	3155.64	185.962	3287.79	2805.61	3086.32	163.47	3364.27	2815.99	1000.0	1000.0	305000	298.407	36.0007	375.968	80.4809	-299.369	11.3368	1524.4366164207458
62	3208.09	167.932	3514.07	3002.56	2777.49	1554.9	3767.15	-578.289	1000.0	1000.0	310000	302.132	35.7453	382.269	86.1794	-303.129	11.3774	1549.4479467868805
63	3242.88	214.798	3529.94	2919.18	3546.5	138.126	3741.89	3328.33	1000.0	1000.0	315000	305.689	35.5438	384.313	85.4225	-306.691	12.4195	1574.323477268219
64	3250.3	142.88	3494.87	3106.81	3008.88	1022.29	3613.6	-24.3837	1000.0	1000.0	320000	309.198	34.9431	387.952	95.6045	-310.237	12.1626	1599.4418814182281
65	3157.44	89.8564	3307.79	3067.2	3469.63	188.622	3748.39	3187.11	1000.0	1000.0	325000	313.295	33.9512	393.727	112.27	-314.347	11.8061	1624.591075181961
66	3207.74	69.7622	3293.62	3098.52	3240.43	1301.77	4144.5	-606.068	1000.0	1000.0	330000	316.72	33.5773	396.512	111.462	-317.77	12.0865	1649.8389167785645
67	3221.61	101.829	3365.53	3088.97	2927.75	1048.7	3792.78	443.977	1000.0	1000.0	335000	319.996	33.127	399.83	117.491	-321.058	12.3504	1674.8318123817444
68	3357.69	163.342	3666.27	3233.46	3365.14	97.4608	3521.02	3194.7	1000.0	1000.0	340000	322.894	32.586	400.529	120.293	-323.963	12.4952	1699.717250585556
69	3249.1	160.382	3523.42	3081.57	2985.39	485.885	3589.76	1980.91	1000.0	1000.0	345000	325.659	32.2674	404.872	132.875	-326.721	12.8397	1724.8423690795898
70	2482.57	1501.33	3306.77	-517.054	3457.72	197.923	3821.64	3248.9	1000.0	1000.0	350000	328.288	32.2976	406.125	142.708	-329.366	13.349	1749.7174355983734
71	3376.93	126.886	3581.01	3208.4	3204.84	1256.69	3927.55	-532.356	1000.0	1000.0	355000	330.288	33.0615	410.484	141.89	-331.327	12.9699	1774.8109805583954
72	2548.5	1549.83	3496.78	-543.134	3546.56	111.405	3792.94	3354.91	1000.0	1000.0	360000	331.759	35.3755	410.694	125.598	-332.823	13.6222	1799.6695442199707
73	3363.54	262.68	3629.06	2881.68	3622.77	85.7084	3741.19	3477.58	1000.0	1000.0	365000	333.625	37.2785	413.315	125.6	-334.704	14.0303	1824.7042667865753
74	3461.89	104.181	3582.53	3313.71	3637.32	225.764	3958.24	3192.34	1000.0	1000.0	370000	335.775	37.7035	417.451	122.433	-336.853	14.095	1849.99037027359
75	3549.26	138.192	3706.76	3385.68	3595.01	236.623	4144.01	3239.85	1000.0	1000.0	375000	338.113	38.265	419.713	121.316	-339.205	15.1904	1875.2005541324615
76	3611.31	89.2741	3717.89	3461.58	3467.3	282.81	3718.98	2691.28	1000.0	1000.0	380000	340.505	38.7663	421.606	117.353	-341.591	14.5288	1900.311217546463
77	2888.7	1014.7	3669.67	890.688	3727.91	203.201	4127.49	3395.09	1000.0	1000.0	385000	342.291	39.2049	422.41	117.458	-343.387	15.867	1925.2632298469543
78	3599.87	208.786	3954.24	3390.82	3458.58	825.63	3972.74	1052.89	1000.0	1000.0	390000	343.715	40.277	423.38	125.492	-344.8	14.7627	1950.2720024585724
79	2812.85	1596.69	3873.18	-364.184	3655.59	198.628	3931.5	3181.27	1000.0	1000.0	395000	344.902	43.2584	428.936	130.953	-345.98	15.3658	1975.5326797962189
80	3571.14	137.851	3755.68	3349.22	3944.01	210.09	4276.18	3621.46	1000.0	1000.0	400000	346.654	45.5438	430.139	129.65	-347.751	16.0951	2000.7507984638214
81	3570.24	80.4061	3716.69	3484.36	3534.51	635.269	3890.23	1667.09	1000.0	1000.0	405000	348.762	47.2994	434.104	119.874	-349.866	16.5026	2025.9647810459137
82	2881.35	1421.24	3790.14	55.9795	3868.52	97.9586	4020.55	3691.46	1000.0	1000.0	410000	350.486	48.6099	439.891	102.897	-351.608	16.9334	2051.2604291439056
83	3559.68	151.056	3788.87	3333.76	3713.85	138.954	3860.42	3469.43	1000.0	1000.0	415000	352.462	49.7256	439.493	90.6634	-353.59	16.3848	2076.4943754673004
84	3475.28	132.815	3636.68	3301.71	3644.63	466.768	4164.34	2318.71	1000.0	1000.0	420000	354.225	50.6512	440.645	89.1626	-355.349	17.5041	2101.719519853592
85	3204.96	739.973	3977.0	1805.71	3896.88	133.941	4058.96	3672.59	1000.0	1000.0	425000	356.0	51.152	442.946	96.3139	-357.132	16.9388	2127.198047399521
86	3604.49	110.61	3743.92	3501.1	3839.74	127.174	4100.7	3686.05	1000.0	1000.0	430000	358.077	52.0146	442.037	81.5203	-359.22	16.1998	2152.445048570633
87	3508.13	123.024	3686.49	3364.26	3606.47	575.187	4083.62	1964.53	1000.0	1000.0	435000	359.86	51.8744	442.314	81.8742	-360.978	16.4644	2177.7872960567474
88	3622.21	146.489	3880.91	3447.43	4010.01	168.534	4260.23	3655.88	1000.0	1000.0	440000	361.294	52.257	445.716	72.2479	-362.425	16.5698	2203.1795670986176
89	3287.53	796.401	3879.88	1718.75	3784.04	211.566	4069.15	3308.0	1000.0	1000.0	445000	362.866	52.4755	449.809	72.6423	-364.002	17.1583	2228.7102584838867
90	3715.95	247.877	3947.4	3272.86	3827.36	258.773	4197.25	3423.22	1000.0	1000.0	450000	364.229	52.3204	449.186	73.7459	-365.353	17.072	2253.991857290268
91	3696.97	221.852	4113.05	3489.0	3923.49	126.938	4121.58	3752.34	1000.0	1000.0	455000	365.706	52.2994	452.284	56.8683	-366.841	16.5936	2279.204440355301
92	3750.79	96.3634	3875.91	3605.11	4013.28	161.21	4374.06	3782.09	1000.0	1000.0	460000	367.054	52.1433	451.574	58.7252	-368.181	16.7671	2304.5740580558777
93	3674.54	151.986	3955.13	3528.54	3640.41	1097.96	4217.01	375.144	1000.0	1000.0	465000	368.718	51.3051	455.777	58.9949	-369.842	16.2803	2330.0216393470764
94	3696.59	115.178	3881.72	3542.74	3801.93	128.009	3955.01	3525.08	1000.0	1000.0	470000	369.754	51.1235	453.547	62.4694	-370.867	17.0792	2355.5491688251495
95	3700.9	112.731	3796.0	3522.25	4019.13	191.442	4385.67	3737.45	1000.0	1000.0	475000	371.056	50.6065	455.842	67.0499	-372.16	17.0028	2380.7879803180695
96	3759.33	125.197	3927.71	3555.28	3968.6	125.858	4159.64	3726.32	1000.0	1000.0	480000	371.877	50.3041	453.074	55.8264	-372.979	17.1717	2406.136839866638
97	3900.62	49.7861	3981.02	3826.63	3976.74	107.608	4111.54	3791.39	1000.0	1000.0	485000	372.747	49.9415	454.613	52.4461	-373.847	17.3046	2431.3366796970367
98	3781.22	107.973	3913.58	3655.67	3939.89	619.719	4459.24	2150.03	1000.0	1000.0	490000	373.656	48.9692	458.082	59.8514	-374.769	16.8625	2456.632455587387
99	3838.64	100.435	3924.05	3642.11	4045.61	98.5026	4273.02	3900.23	1000.0	1000.0	495000	375.085	48.7237	458.332	60.2267	-376.205	17.0628	2481.8140716552734
