Epoch	AverageEpRet	StdEpRet	MaxEpRet	MinEpRet	AverageTestEpRet	StdTestEpRet	MaxTestEpRet	MinTestEpRet	EpLen	TestEpLen	TotalEnvInteracts	AverageQ1Vals	StdQ1Vals	MaxQ1Vals	MinQ1Vals	AverageQ2Vals	StdQ2Vals	MaxQ2Vals	MinQ2Vals	AverageVVals	StdVVals	MaxVVals	MinVVals	AverageLogPi	StdLogPi	MaxLogPi	MinLogPi	LossPi	LossQ1	LossQ2	LossV	Time
1	-315.534	108.118	-182.059	-474.516	-488.122	71.4701	-338.63	-591.23	1000.0	1000.0	5000	4.6553	4.44057	23.5063	-5.10663	4.65462	4.44328	24.2832	-5.19034	5.557	4.45718	24.1849	-10.9424	-2.11918	2.73777	91.576	-14.3438	-5.70424	0.2936	0.285072	0.220235	26.224459886550903
2	-300.282	46.0621	-248.957	-387.142	-170.916	1.06654	-168.819	-172.632	1000.0	1000.0	10000	22.4753	11.3474	70.3873	-1.4859	22.4766	11.3495	69.6923	-0.997033	23.7598	11.5088	65.4352	-0.520604	-1.56063	2.53911	32.1415	-16.8524	-24.0403	0.904961	0.87965	0.398353	53.66873478889465
3	-226.318	50.9529	-174.33	-316.608	-56.5764	5.69076	-48.0125	-64.4405	1000.0	1000.0	15000	33.3341	7.58678	64.2766	15.312	33.3342	7.58693	63.8715	15.1955	34.202	7.47422	64.701	16.997	-2.34209	1.94953	10.5004	-14.9218	-34.5158	0.437148	0.440396	0.311414	80.85220098495483
4	-209.567	65.2642	-139.18	-332.472	-7.87724	1.27577	-4.81958	-9.70333	1000.0	1000.0	20000	36.1245	5.79997	60.0942	22.0082	36.1245	5.79789	61.1637	21.9359	36.8377	5.82642	60.5017	22.9422	-2.84718	1.67117	9.10051	-11.656	-37.1586	0.411597	0.424509	0.312526	108.19887161254883
5	250.863	228.306	577.332	21.0262	0.968199	13.3282	23.5953	-12.6782	1000.0	1000.0	25000	37.8172	6.88776	62.381	22.9853	37.8173	6.88568	62.2084	22.8071	38.4833	6.91031	61.4913	23.287	-3.02343	1.50093	9.43214	-13.0165	-38.8104	0.456047	0.4738	0.340326	136.23377442359924
6	923.319	168.004	1170.76	667.164	1798.01	14.5779	1817.79	1776.82	1000.0	1000.0	30000	43.3343	10.8656	76.3458	24.2709	43.3344	10.8655	75.6567	23.8984	43.9918	10.8056	75.5036	24.9964	-2.67805	1.71512	9.68683	-15.0678	-44.3303	0.509235	0.520303	0.378558	163.48109769821167
7	1295.73	699.94	1957.42	-63.3673	2014.79	856.615	2878.46	195.757	1000.0	1000.0	35000	53.0025	17.6188	99.9886	27.1778	53.0025	17.619	100.917	26.7009	53.7152	17.5311	99.7191	27.1389	-1.81028	2.34996	14.5777	-15.5211	-54.0858	0.702317	0.710908	0.512726	190.76818680763245
8	1550.58	696.672	1945.99	158.891	2778.0	38.6026	2828.81	2717.49	1000.0	1000.0	40000	63.8684	25.4804	123.724	27.2772	63.8687	25.4807	124.218	27.2109	64.592	25.3822	122.847	28.1953	-1.31666	2.61286	15.1213	-15.3168	-65.0099	0.965391	0.976704	0.665363	218.11395907402039
9	1876.73	572.981	2479.65	1156.35	3105.78	45.9615	3167.95	2991.01	1000.0	1000.0	45000	77.2498	33.5065	147.955	25.6113	77.2503	33.5059	149.413	25.7054	77.9531	33.3655	146.302	26.7203	-0.826143	2.80045	19.5351	-15.0501	-78.4323	1.21746	1.22744	0.82199	245.56664991378784
10	2670.72	146.6	2928.44	2475.27	3494.58	57.7813	3565.87	3409.13	1000.0	1000.0	50000	91.7202	41.5762	171.577	25.4901	91.7206	41.5757	171.609	24.5923	92.3937	41.387	170.775	25.4743	-0.396228	2.96545	18.4262	-13.5149	-92.9181	1.48511	1.52078	1.0263	272.93671584129333
11	2893.64	107.651	3022.61	2726.99	3730.17	183.236	4064.29	3415.07	1000.0	1000.0	55000	107.72	48.9052	191.809	23.8753	107.72	48.9051	192.307	22.4199	108.375	48.653	192.649	24.32	0.00972593	3.08355	20.023	-15.2425	-108.944	1.84115	1.88264	1.2154	300.3297483921051
12	2910.32	144.016	3059.66	2680.16	3844.23	152.55	4114.75	3618.2	1000.0	1000.0	60000	123.5	54.9905	208.721	21.2888	123.5	54.9905	208.402	19.0609	124.126	54.6913	207.916	21.0046	0.368023	3.15705	19.1969	-14.052	-124.748	2.15142	2.18035	1.41563	327.79596614837646
13	3212.18	213.528	3544.48	2994.6	3917.97	103.517	4052.43	3764.32	1000.0	1000.0	65000	138.668	59.6447	230.556	20.2885	138.669	59.6447	231.153	17.9608	139.242	59.2913	230.213	19.8005	0.67451	3.22902	20.0211	-14.397	-139.913	2.56457	2.5745	1.59983	356.223974943161
14	2735.44	1268.92	3572.86	227.037	3936.88	146.668	4095.51	3596.78	1000.0	1000.0	70000	151.749	63.6617	247.608	20.6886	151.749	63.6623	248.689	17.9796	152.276	63.2645	248.527	22.0588	0.954456	3.33333	23.6695	-12.9455	-152.986	2.92459	2.91836	1.8043	383.6402988433838
15	3209.3	199.664	3559.5	3021.52	3877.49	104.514	4106.85	3776.39	1000.0	1000.0	75000	163.41	67.7302	262.259	20.2895	163.41	67.7304	263.336	17.0529	163.897	67.3336	260.687	20.1629	1.16005	3.38774	27.3017	-13.948	-164.637	3.36436	3.34697	2.01149	414.26417231559753
16	3339.81	277.884	3672.6	2838.59	3999.87	177.769	4244.92	3664.09	1000.0	1000.0	80000	174.627	70.4426	275.952	18.1515	174.627	70.4434	275.998	16.368	175.076	70.0052	271.799	19.3048	1.24929	3.37332	23.3367	-18.3671	-175.824	3.77329	3.72814	2.19293	446.13223814964294
17	3236.75	752.961	3740.3	1761.19	4091.11	84.9657	4213.92	3960.51	1000.0	1000.0	85000	184.438	73.0578	284.454	16.2468	184.438	73.0587	285.909	13.6596	184.832	72.6287	287.309	16.4822	1.32809	3.40216	27.1267	-12.6268	-185.59	4.16347	4.1074	2.37306	476.64382123947144
18	3633.68	166.624	3842.71	3427.73	4223.1	70.0366	4320.65	4121.96	1000.0	1000.0	90000	193.428	75.3435	301.155	15.3857	193.428	75.3448	299.628	13.9435	193.769	74.8983	292.813	14.6144	1.32419	3.37749	26.0225	-16.4088	-194.53	4.42383	4.35197	2.47791	509.6724236011505
19	3772.53	66.4094	3851.1	3679.24	4642.07	154.854	4811.12	4271.81	1000.0	1000.0	95000	201.983	77.1672	302.503	11.2385	201.983	77.169	303.457	11.0948	202.292	76.7107	302.836	11.1972	1.41856	3.36494	26.1139	-12.9408	-203.059	4.69642	4.63296	2.6072	540.481249332428
20	3718.62	159.403	3912.35	3493.77	4724.31	39.6142	4772.82	4657.4	1000.0	1000.0	100000	210.165	78.7085	315.26	10.9056	210.165	78.7104	318.006	9.6832	210.47	78.2347	310.369	10.7531	1.56529	3.36118	27.4461	-14.3026	-211.241	4.9541	4.87463	2.66564	570.3337199687958
21	3863.4	126.755	4067.96	3722.54	4515.06	145.647	4779.52	4282.75	1000.0	1000.0	105000	218.622	79.6882	319.039	7.54767	218.622	79.6903	319.796	7.97463	218.908	79.1927	318.435	10.6835	1.67791	3.36398	26.0617	-15.7444	-219.675	5.10569	5.03422	2.7696	605.5659584999084
22	3908.3	126.471	4054.28	3675.55	4714.19	115.798	4847.39	4507.66	1000.0	1000.0	110000	226.948	80.5775	328.04	10.921	226.948	80.5789	326.987	10.4134	227.241	80.0714	328.22	10.7299	1.83002	3.40647	25.1455	-12.8632	-228.01	5.20315	5.16755	2.83683	641.7731735706329
23	3963.05	267.736	4278.13	3553.29	4609.09	338.079	4887.71	3731.26	1000.0	1000.0	115000	234.911	81.3669	337.239	11.5719	234.911	81.3685	337.24	12.2554	235.164	80.8555	335.582	11.8459	1.89933	3.38554	33.9804	-15.1026	-235.942	5.67277	5.63214	3.0125	673.1046597957611
24	3414.63	1123.08	4267.42	1261.7	4844.78	86.4051	5020.88	4719.78	1000.0	1000.0	120000	241.611	82.4181	343.872	11.2771	241.611	82.4199	343.535	11.623	241.839	81.9029	342.784	10.4207	2.01129	3.43454	31.6005	-15.7127	-242.613	6.08103	6.03731	3.10167	701.3611798286438
25	3797.56	209.468	4056.24	3509.84	4971.81	90.3919	5065.66	4743.29	1000.0	1000.0	125000	246.57	84.0948	352.111	8.52061	246.57	84.0959	350.225	9.38911	246.768	83.5897	346.702	8.04089	2.02852	3.4444	25.5942	-14.1628	-247.547	6.62009	6.6184	3.37891	730.0085444450378
26	3997.46	175.608	4343.17	3861.61	4956.99	88.7689	5091.29	4794.25	1000.0	1000.0	130000	251.766	84.5694	352.429	7.65002	251.766	84.5702	352.656	8.21131	251.945	84.0633	355.799	4.96625	2.08009	3.42615	32.6345	-13.5486	-252.741	7.03749	6.99211	3.42588	760.0552637577057
27	4043.51	112.615	4188.58	3868.92	4920.87	95.5893	5070.25	4756.49	1000.0	1000.0	135000	257.307	84.8065	355.918	5.30363	257.307	84.8079	357.235	6.65692	257.454	84.2781	358.13	5.42359	2.12219	3.41995	32.2301	-16.9549	-258.249	7.06992	7.04452	3.44611	788.314836025238
28	3758.42	915.694	4468.46	1951.16	5079.43	53.7425	5150.66	4980.14	1000.0	1000.0	140000	261.03	85.7634	359.893	6.1326	261.03	85.7646	360.484	2.59332	261.154	85.2555	357.34	4.28376	2.14496	3.40751	27.2577	-16.5929	-261.951	7.29403	7.27109	3.58201	816.584198474884
29	3933.72	394.335	4312.73	3173.43	5198.82	156.925	5401.9	4829.88	1000.0	1000.0	145000	265.0	86.1952	363.672	4.23544	265.0	86.1961	362.5	2.04843	265.102	85.6786	361.53	0.294539	2.18006	3.39076	30.5985	-12.9633	-265.897	7.39214	7.36359	3.48458	845.4532866477966
30	3995.98	231.08	4301.83	3719.42	4090.62	1301.65	5074.15	610.753	1000.0	1000.0	150000	268.719	86.1383	368.164	0.928807	268.719	86.1395	366.709	1.53043	268.787	85.6114	365.914	-1.58113	2.1914	3.36053	31.614	-13.0426	-269.587	7.65775	7.64303	3.67249	880.0224432945251
31	2684.12	1703.43	4297.53	269.108	4912.62	64.228	5005.75	4828.67	1000.0	1000.0	155000	270.662	87.8188	369.556	0.223592	270.663	87.8194	368.211	-1.10444	270.727	87.3273	372.21	-5.53422	2.22356	3.36749	29.186	-13.5216	-271.531	7.75597	7.75201	3.6143	909.9967811107635
32	4448.13	91.3922	4566.82	4326.87	4802.38	51.9972	4877.84	4683.33	1000.0	1000.0	160000	272.602	90.0363	371.828	-0.428379	272.601	90.0374	371.56	-5.97746	272.652	89.5597	372.236	-8.57409	2.19337	3.33867	27.0629	-13.5997	-273.45	7.89649	7.88688	3.69757	939.5764672756195
33	4290.79	340.993	4617.72	3685.55	4943.9	67.601	5028.0	4816.68	1000.0	1000.0	165000	276.295	90.7142	373.785	-5.80394	276.295	90.7154	373.175	-9.77385	276.329	90.2286	378.252	-8.87522	2.24472	3.33813	34.2528	-13.1986	-277.132	7.82785	7.825	3.64269	968.9025564193726
34	3968.17	1045.98	4642.63	1899.69	5200.3	84.2879	5342.89	5049.47	1000.0	1000.0	170000	279.574	91.7651	377.274	-38.5094	279.574	91.7663	376.99	-49.5483	279.592	91.2866	378.027	-54.826	2.33158	3.34962	38.7343	-14.449	-280.392	8.12195	8.11742	3.75278	997.5231735706329
35	4547.9	92.3846	4670.97	4399.08	5236.98	61.9974	5315.01	5127.49	1000.0	1000.0	175000	282.673	92.8508	381.081	-48.2352	282.673	92.8528	380.055	-60.3223	282.685	92.3695	380.597	-57.0152	2.35599	3.34031	31.0115	-14.9518	-283.495	8.34779	8.33733	3.91238	1026.2941670417786
36	4652.73	118.825	4801.81	4490.1	4888.98	281.213	5467.87	4478.47	1000.0	1000.0	180000	286.58	93.1775	387.19	-51.653	286.58	93.1788	387.099	-59.1428	286.601	92.6734	385.251	-63.4623	2.49609	3.37895	33.2804	-13.8081	-287.413	8.46262	8.46314	3.90167	1054.9659852981567
37	4589.68	61.4346	4700.53	4524.47	5144.2	60.8584	5247.4	5044.99	1000.0	1000.0	185000	290.518	93.0769	388.869	-55.4176	290.518	93.0783	388.352	-67.5047	290.529	92.5645	388.426	-68.0476	2.52309	3.38368	33.1264	-12.4775	-291.342	8.55708	8.5392	3.88969	1083.961082458496
38	4590.27	135.737	4741.22	4369.71	4827.58	172.517	5127.26	4534.13	1000.0	1000.0	190000	294.439	92.8214	395.997	-51.9029	294.439	92.8219	394.358	-53.6842	294.437	92.3134	391.366	-49.0527	2.49608	3.34598	32.7755	-14.5136	-295.255	8.38032	8.41823	3.8866	1112.6892719268799
39	4601.44	216.316	4965.1	4377.56	4861.72	1412.12	5520.86	647.978	1000.0	1000.0	195000	298.156	92.8638	396.304	-53.9407	298.156	92.8649	395.004	-65.3807	298.149	92.3531	391.919	-69.059	2.60463	3.35548	37.8598	-13.8685	-298.973	8.42885	8.44312	3.84959	1144.648639202118
40	4815.95	139.744	4971.19	4641.63	5118.76	380.398	5367.68	4062.76	1000.0	1000.0	200000	302.128	93.1474	397.97	-53.1345	302.128	93.1489	396.872	-65.5561	302.102	92.633	397.363	-73.8607	2.67395	3.34547	38.2689	-15.0033	-302.924	8.11944	8.16274	3.88422	1178.8874666690826
41	4896.61	105.073	5014.65	4708.91	5575.3	75.5493	5679.47	5445.85	1000.0	1000.0	205000	305.968	93.1867	402.736	-60.755	305.967	93.1873	401.158	-74.0341	305.962	92.6507	402.797	-80.0799	2.73452	3.32312	33.1881	-13.1222	-306.788	8.52983	8.60081	3.96684	1207.713100194931
42	4900.62	171.258	5099.76	4672.45	5436.72	42.0443	5518.4	5364.92	1000.0	1000.0	210000	310.532	92.9147	406.149	-64.9341	310.532	92.9156	405.083	-71.5599	310.512	92.3895	404.64	-74.8232	2.79678	3.35065	30.5359	-14.8417	-311.329	8.03131	8.07432	3.86124	1240.243958234787
43	4925.05	121.263	5124.49	4800.13	5334.12	60.402	5412.63	5214.43	1000.0	1000.0	215000	314.734	93.0227	411.243	-59.9086	314.733	93.0236	411.163	-70.8732	314.735	92.4789	411.357	-72.2045	2.90141	3.35403	39.9193	-12.8117	-315.556	8.19799	8.22399	3.95556	1273.4521083831787
44	4985.65	125.486	5153.6	4812.63	5493.43	23.2537	5538.2	5448.04	1000.0	1000.0	220000	319.037	92.763	417.026	-64.3234	319.037	92.7639	414.962	-61.7294	318.999	92.2217	416.19	-74.8717	2.93054	3.34356	37.2495	-14.7093	-319.828	7.96351	8.05704	3.76561	1309.460664510727
45	4921.91	104.98	5044.86	4742.34	5331.0	175.455	5541.39	4919.14	1000.0	1000.0	225000	322.879	92.8235	419.781	-53.7584	322.878	92.8239	418.714	-52.3511	322.842	92.2835	419.809	-62.771	3.01945	3.3427	36.5124	-13.1241	-323.671	8.08139	8.1693	3.91435	1341.994777917862
46	5019.48	239.873	5360.37	4622.78	5149.23	183.937	5387.6	4805.23	1000.0	1000.0	230000	326.717	92.7663	425.858	-65.9555	326.717	92.7666	422.87	-66.0801	326.68	92.2234	422.544	-76.8896	3.07613	3.32989	48.0834	-14.2947	-327.51	8.17466	8.30351	3.94088	1372.865618944168
47	4156.38	1613.74	5062.41	932.895	5695.15	59.0853	5777.89	5586.37	1000.0	1000.0	235000	329.031	94.3881	426.07	-54.4138	329.031	94.3889	425.237	-61.695	328.992	93.8342	426.49	-72.7852	3.14495	3.37012	40.5889	-13.1122	-329.828	8.08654	8.18043	3.86907	1401.9850957393646
48	5016.72	93.9934	5198.99	4941.52	5327.1	74.1171	5479.64	5171.29	1000.0	1000.0	240000	332.464	94.0733	429.965	-60.0347	332.464	94.0735	428.808	-64.1645	332.409	93.5216	428.627	-72.2838	3.15577	3.35906	43.0328	-15.1878	-333.231	8.10129	8.25967	3.90622	1432.934651851654
49	4945.35	82.5609	5052.61	4823.01	5120.54	1117.43	5681.35	1779.24	1000.0	1000.0	245000	335.606	93.8582	433.324	-61.2475	335.606	93.8575	433.77	-58.4113	335.544	93.3053	432.149	-67.7028	3.22667	3.3565	36.9267	-12.5797	-336.373	7.97775	8.12701	3.87958	1467.3184599876404
