Epoch	AverageEpRet	StdEpRet	MaxEpRet	MinEpRet	EpLen	AverageVVals	StdVVals	MaxVVals	MinVVals	TotalEnvInteracts	LossPi	LossV	DeltaLossPi	DeltaLossV	Entropy	KL	ClipFrac	StopIter	Time	N episodes
0	-360.7283	295.19513	70.80487	-610.5492	703.5	0.047765076	0.20042767	1.2261974	-1.986509	20000	2.4414062e-08	15178.197	0.010036939	-3827.0967	4.58059	0.041871265	0.38255	1.0	45.08448028564453	29
1	-356.4956	320.1117	302.85367	-668.61664	909.9524	-20.670155	26.32868	41.496517	-55.540302	40000	-9.155274e-09	9294.013	0.012327408	-1674.7925	4.5677943	0.048358064	0.40565	1.0	89.55733680725098	51
2	-411.72266	287.86005	68.39341	-625.60815	711.7407	-20.01881	31.966349	77.16324	-82.05919	60000	-7.629395e-09	11664.336	-0.008118369	-2531.4805	4.6138096	0.006568322	0.0627	79.0	149.9805188179016	79
3	-370.8182	301.75244	151.47998	-606.6849	822.7083	-33.677994	46.69108	71.81527	-114.20611	80000	9.918213e-09	8119.989	-0.0077596703	-1480.6758	4.622216	0.0070909476	0.0801	79.0	210.4510681629181	104
4	-204.18684	307.1997	108.40568	-606.5142	924.0476	-10.036863	28.701082	52.196865	-138.4327	100000	3.0517577e-09	3989.3464	-0.0029932968	-921.5752	4.5875006	0.015649438	0.2281	3.0	253.65611791610718	126
5	-250.06914	321.99603	83.79111	-635.62964	987.15	-27.074068	50.350407	81.042564	-149.6494	120000	3.0517577e-09	5552.156	-0.0032176117	-1802.0493	4.6182437	0.015621329	0.18905	4.0	297.81729340553284	147
6	-46.24939	205.29015	119.099495	-607.42267	1169.1177	-6.801465	24.431852	149.69597	-157.02376	140000	-2.7656555e-09	870.1642	-0.0016453277	-218.82288	4.6141143	0.014776325	0.1905	7.0	342.4595241546631	165
7	-53.135822	263.69974	336.11194	-612.6297	1124.1177	-5.7453218	23.924261	77.07106	-162.58339	160000	1.6784668e-08	1804.8016	-0.0028303328	-424.63794	4.5961595	0.014833771	0.2034	3.0	385.634379863739	183
8	-58.434204	237.14558	154.43582	-609.5106	1061.0555	1.4081905	10.465408	29.74633	-157.72488	180000	0.0	2014.2368	-0.0045338594	-946.8849	4.60655	0.0072421767	0.09225	79.0	443.49036931991577	202
9	43.453735	24.842167	82.47361	2.8673303	1200.0	-3.2132432	30.14308	88.16473	-169.96567	200000	-1.0681152e-08	915.4547	-0.006649974	-898.21765	4.5799937	0.0060055945	0.0704	79.0	502.19920921325684	219
10	-1.2194227	185.83273	122.693115	-557.87744	1097.0555	4.1900735	6.435773	70.180916	-98.40163	220000	1.2207031e-08	1821.2142	-0.00516344	-968.87524	4.531092	0.0058558746	0.10435	79.0	560.4260716438293	238
11	-3.1716135	227.06659	270.9451	-607.5385	1129.1177	-10.641881	43.330753	124.053345	-150.8722	240000	9.155274e-09	2285.382	0.00063196715	-1561.4631	4.546454	0.00817091	0.095	5.0	604.5595664978027	256
12	45.19789	106.12941	117.693474	-369.6081	1144.1177	2.8912418	17.752022	89.99422	-168.31592	260000	-9.155274e-09	809.289	0.001238971	-452.65674	4.541663	0.024315597	0.26945	2.0	648.7915375232697	274
13	24.522802	159.29477	103.58404	-605.1377	1163.1177	5.381318	5.9879565	104.91857	-46.910976	280000	1.525879e-08	914.347	-0.00056985475	-601.60596	4.5507197	0.015899401	0.1987	3.0	691.9107162952423	292
14	39.53267	147.62106	130.65546	-539.704	1141.4706	0.6236751	21.192778	86.90085	-171.63394	300000	-4.577637e-09	1224.3733	-0.002330069	-929.37915	4.561101	0.018297972	0.2456	6.0	737.5412089824677	310
15	-7.3450103	199.79149	130.55516	-602.4846	1143.7646	0.11927402	24.440506	81.07269	-176.3539	320000	1.5258789e-09	1519.7382	-0.0021637436	-941.80273	4.558616	0.018473566	0.24075	3.0	780.9896056652069	328
16	12.587501	214.59335	137.99687	-602.4022	1082.6666	3.6123433	11.866535	83.46743	-173.56142	340000	6.1035155e-09	1403.0656	-0.0006631073	-800.6388	4.543589	0.026982578	0.2896	2.0	823.9468641281128	347
17	-16.302988	254.68076	153.0999	-605.36523	1045.5264	-0.30861354	22.388992	78.98653	-186.9183	360000	7.629395e-09	1279.9749	-0.0062478073	-401.60913	4.5413074	0.010716182	0.11885	79.0	882.1043820381165	367
18	-4.0011997	215.67241	146.31735	-608.2968	1071.3334	5.368153	8.297454	60.87258	-114.49077	380000	3.8146974e-09	1092.8302	-0.000608545	-221.02917	4.5436397	0.020171465	0.2545	3.0	925.7717504501343	386
19	37.79568	148.42339	137.45854	-538.2338	1134.4706	4.5221534	6.5277553	57.694286	-88.73053	400000	1.0681152e-08	696.7692	-0.0061006392	-476.2091	4.55262	0.0068050646	0.08275	79.0	983.9095084667206	404
20	106.2971	41.162674	189.26648	36.436718	1200.0	7.1961985	8.350952	55.47714	-27.699995	420000	-9.155274e-09	26.790682	-0.010589273	-17.978052	4.5230355	0.010270688	0.0998	79.0	1042.8999888896942	421
21	46.52726	167.59279	168.27455	-606.8425	1167.4706	6.3315797	7.590617	41.86741	-56.26531	440000	-6.1035155e-09	946.8884	-0.0057722228	-709.9139	4.475723	0.010649927	0.137	79.0	1100.652382850647	439
22	86.85927	28.276735	135.00021	19.934381	1200.0	6.6906047	8.07095	47.00546	-116.92701	460000	7.629395e-09	19.126678	-0.011471675	-13.444466	4.4626	0.008087851	0.07075	79.0	1158.766999721527	456
23	19.94259	198.28044	150.76372	-601.83514	1074.5555	6.572654	8.5766	65.908226	-123.65402	480000	-9.155274e-09	1224.7605	-0.0058422303	-823.08417	4.3942556	0.0074658548	0.1034	79.0	1216.8664360046387	475
24	65.17712	169.8893	154.63138	-604.74384	1133.0588	4.211432	19.438356	49.447628	-200.70079	500000	9.155274e-09	677.2525	-0.0070392154	-455.49713	4.4537873	0.007970323	0.08535	79.0	1275.0290291309357	493
25	122.03235	30.564499	172.10446	62.6302	1200.0	8.896384	8.5992365	60.70426	-131.31686	520000	3.0517577e-09	22.366854	-0.011171122	-15.274519	4.3390975	0.009313806	0.096	79.0	1333.3674051761627	510
26	-9.520249	252.57607	165.10999	-550.6734	1094.2222	9.88255	7.521483	59.919727	-58.094242	540000	-1.525879e-08	3210.349	-0.0018766907	-577.7971	4.296204	0.022990182	0.27435	2.0	1376.5546336174011	529
27	83.76813	147.48056	173.7	-475.04556	1194.625	3.1719177	12.318176	36.863598	-129.23232	560000	3.0517577e-09	813.9638	-0.005914093	-103.5423	4.3024197	0.006738826	0.09955	79.0	1436.2084875106812	546
28	78.06443	164.8466	177.14484	-568.4428	1133.8823	8.9399185	7.316357	42.474213	-31.95475	580000	1.5258789e-09	741.7789	-0.00431138	-406.55676	4.297669	0.008415669	0.10555	79.0	1494.9399094581604	564
29	30.413103	227.0329	170.56317	-606.4012	1067.8334	6.9658732	16.95667	50.025475	-193.85551	600000	1.5258789e-09	472.718	-0.008978779	-246.6081	4.321683	0.010564224	0.1276	79.0	1552.9254968166351	583
30	129.79501	30.756325	190.74524	90.56011	1200.0	8.483524	8.834136	57.875214	-103.761	620000	1.2207031e-08	48.457703	-0.008649719	-37.709152	4.2929974	0.00886427	0.1031	79.0	1610.7321844100952	600
31	38.20782	317.1723	257.08347	-636.27386	1002.7368	14.42653	10.380653	50.890987	-113.199524	640000	0.0	2776.1753	-0.0017197082	-1413.1763	4.2569337	0.012543039	0.17385	3.0	1654.2569932937622	620
32	123.93464	244.07288	388.5535	-541.5494	1109.2941	-3.0947459	35.344273	36.61772	-225.21132	660000	3.0517577e-09	2592.8828	-0.009292103	-1887.5806	4.246242	0.008095352	0.0972	79.0	1712.5870537757874	638
33	216.08868	36.3249	272.72137	119.36419	1200.0	11.60151	28.210539	58.956783	-186.19748	680000	-6.1035155e-09	736.6284	0.0070429216	-707.153	4.2313576	0.010631937	0.1293	1.0	1755.308280467987	655
34	20.178797	369.18265	320.7212	-610.98285	1014.1053	17.15711	17.998093	46.52	-169.4604	700000	-1.5258789e-09	5510.9463	0.009086195	-2686.6663	4.2218814	0.07120418	0.44575	1.0	1798.3707761764526	675
35	-481.36884	148.33354	191.74779	-601.9365	405.0408	-12.545659	61.399483	45.276043	-227.11569	720000	-4.196167e-09	21367.81	0.020599842	-14115.1	4.219572	0.03191552	0.35165	4.0	1842.2092652320862	725
36	-320.67575	326.6865	397.6271	-604.4898	720.3333	-52.617725	77.34643	81.14766	-314.82776	740000	2.4414062e-08	8177.283	0.034421004	-3294.0767	4.231147	0.08897193	0.49705	1.0	1885.1888518333435	753
37	72.58437	160.8366	183.15326	-552.86615	1150.0588	8.407229	15.904542	110.01451	-276.15042	760000	1.2207031e-08	1110.6328	-0.0021630493	-430.34747	4.219156	0.017628934	0.2388	3.0	1929.2955310344696	771
38	78.87003	176.72562	233.62427	-607.29877	1130.3529	5.616574	9.004162	57.116768	-195.71852	780000	-1.9836426e-08	353.20462	-0.0063346312	-262.6013	4.229026	0.0075341337	0.0608	79.0	1988.4664855003357	789
39	148.97008	49.698364	229.77548	47.019047	1200.0	8.513136	24.683184	60.416706	-323.96973	800000	-6.1035155e-09	591.50446	-0.005601547	-567.7432	4.185822	0.0074028154	0.066	79.0	2046.8855373859406	806
40	107.95617	169.63148	222.69717	-540.10205	1157.6471	11.322779	9.384172	59.200806	-184.23148	820000	0.0	984.8337	-0.0062378477	-701.90845	4.132992	0.008680139	0.08265	79.0	2104.6063282489777	824
41	165.7555	50.692276	273.25665	69.90946	1200.0	13.430324	9.227943	57.506977	-161.13283	840000	1.525879e-08	53.424236	-0.009741745	-33.179558	4.1118236	0.0071496703	0.0711	79.0	2162.6077234745026	841
42	137.2153	195.07384	276.02304	-622.05	1131.0	14.656957	11.326676	62.605537	-183.169	860000	-1.373291e-08	440.6539	-0.004868084	-109.80344	4.0114107	0.015488993	0.18015	14.0	2208.8390753269196	859
43	131.83176	250.88837	486.5316	-602.1467	1109.5555	14.948825	11.546245	62.01537	-235.41492	880000	-7.6293943e-10	1206.2999	-0.0028674973	-335.29645	4.0068326	0.016631568	0.2229	5.0	2253.057102203369	878
44	220.74149	72.74207	389.94925	63.30239	1200.0	13.967911	13.806654	113.90078	-87.12236	900000	1.8310548e-08	191.28503	-0.007852573	-146.63437	4.013836	0.010034105	0.0995	79.0	2310.2234296798706	895
45	163.15907	277.13538	429.28555	-603.00146	1068.3334	19.521118	15.639781	49.28021	-277.39407	920000	-9.155274e-09	332.62646	-0.0027577423	-164.37236	3.9446292	0.014947429	0.20275	2.0	2353.6079313755035	914
46	182.66634	273.98987	448.48712	-589.10974	1082.5	18.70252	21.321228	60.104332	-307.034	940000	1.8310548e-08	1971.2115	-0.0051322966	-750.0349	3.919715	0.0075623	0.09105	79.0	2412.0132184028625	933
47	137.24773	250.9191	320.1389	-588.75726	1072.7778	17.788616	12.404992	51.471687	-40.710197	960000	-1.2207031e-08	935.7603	-0.0028604844	-213.74023	3.914834	0.020136584	0.2492	3.0	2455.6747856140137	952
48	253.46971	82.19972	448.5439	165.8285	1200.0	18.288103	12.620138	49.68339	-38.96146	980000	3.0517577e-09	178.35994	-0.0073219286	-69.158264	3.8997755	0.007816143	0.0944	79.0	2513.901108264923	969
49	155.1973	283.03592	404.84232	-600.8107	1074.2778	19.782063	16.12918	60.180363	-176.00304	1000000	1.2207031e-08	1197.2612	-0.0015630325	-441.93976	3.8128798	0.013647263	0.1859	4.0	2557.8936557769775	988
50	209.09073	92.28152	405.39444	70.694336	1200.0	17.420433	14.493741	58.883488	-202.39966	1020000	7.629395e-09	80.8758	0.0062322817	-41.92787	3.8263938	0.024868893	0.2367	2.0	2601.681342124939	1005
51	106.38034	321.43158	360.41925	-601.8235	1048.7222	18.591782	14.5463	59.81639	-65.85001	1040000	3.0517577e-09	1765.9812	0.001611087	-1415.3887	3.8317437	0.030698748	0.31205	2.0	2645.199153661728	1024
52	200.08734	271.6137	601.89667	-599.73676	1107.5	17.26389	31.212982	85.9749	-301.50507	1060000	-1.8310548e-08	1358.7336	-0.00035470887	-453.06873	3.7952313	0.014214922	0.16465	2.0	2689.003466129303	1043
53	81.46525	277.97986	408.6088	-601.7755	1155.8823	10.1643715	35.52335	109.25735	-341.03815	1080000	-1.2207031e-08	329.90576	-0.0006512268	-187.56416	3.8299868	0.009882965	0.13315	6.0	2733.7208473682404	1061
54	279.92798	177.24591	490.441	-215.34549	1180.375	26.4033	19.005888	75.20923	-177.51033	1100000	-7.629395e-09	910.5346	-0.0025898726	-132.10742	3.8347995	0.013246728	0.19375	5.0	2778.608172416687	1078
55	264.43488	314.0034	555.9874	-602.28687	1150.4706	18.462082	38.736645	74.309044	-362.25723	1120000	-6.1035155e-09	1661.2332	-0.0061315065	-410.2821	3.8269398	0.009044669	0.08645	79.0	2837.805741786957	1096
56	185.94229	344.49265	576.2237	-560.04285	1084.2778	24.797926	19.919754	77.180405	-260.9274	1140000	-1.373291e-08	3230.8535	-0.007045881	-1742.2769	3.8177805	0.007657965	0.0983	79.0	2896.9225919246674	1115
57	230.3431	384.90692	662.0634	-603.23206	1047.6111	22.710112	40.94143	89.7915	-324.66013	1160000	8.392334e-09	1676.086	-0.00852752	-1123.7593	3.824064	0.009523313	0.0928	79.0	2954.5196475982666	1134
58	335.04556	295.95245	623.11584	-600.3923	1164.1765	28.495106	36.892834	107.68785	-332.3952	1180000	-1.5258789e-09	1596.4106	-0.002780029	-1450.1042	3.7922266	0.016577624	0.19585	3.0	2998.1676619052887	1152
59	135.59099	404.95004	667.21893	-603.30225	1096.6111	11.854218	67.4976	107.821266	-401.44702	1200000	2.5939942e-08	3793.944	-0.0032287047	-1366.8696	3.7783418	0.012105423	0.1548	7.0	3042.7401034832	1171
60	226.92365	360.2635	615.139	-563.7509	1110.0555	23.391586	22.519247	80.82025	-12.832043	1220000	-1.5258789e-09	3170.047	-0.0034241225	-401.21753	3.782193	0.012560457	0.14295	5.0	3087.2769372463226	1190
61	256.65417	276.8557	672.32166	-561.6935	1135.2354	19.224247	23.286062	76.416405	-70.454025	1240000	-1.0681152e-08	862.8713	-0.006717724	-695.9994	3.7891386	0.007807353	0.09815	79.0	3144.9765813350677	1208
62	384.73102	276.41525	682.7109	-525.5943	1150.4117	33.34824	27.04857	92.47023	-62.827087	1260000	3.0517577e-09	1519.2476	-0.007458997	-181.953	3.7468696	0.007615291	0.1043	79.0	3204.6627082824707	1226
63	301.56943	328.28558	646.4171	-482.99908	1115.1177	31.88832	29.236847	97.49055	-359.6355	1280000	3.8146974e-09	2682.5098	-0.0053183767	-429.65967	3.6895375	0.008265713	0.08445	79.0	3263.393769264221	1244
64	208.34862	381.13422	683.74945	-519.127	1094.7778	24.642683	22.09497	88.51616	-39.68737	1300000	6.1035155e-09	4419.0146	-0.007842052	-1134.7664	3.6971219	0.0077558486	0.0866	79.0	3322.169334411621	1263
65	297.0889	327.33853	680.8566	-374.9552	1164.8823	20.582996	27.589605	83.9838	-356.4289	1320000	-1.5258789e-09	2426.6768	-0.007827611	-479.32556	3.7236261	0.008938235	0.09185	79.0	3381.155220746994	1281
66	344.29672	315.13898	714.31836	-602.90643	1130.0	29.66953	26.562939	90.05595	-59.94337	1340000	3.0517577e-09	434.1107	-0.0051978785	-192.03539	3.6702063	0.013710577	0.11885	12.0	3427.052656650543	1299
67	426.90195	302.53085	757.63477	-561.92426	1135.0	36.726982	30.483707	111.713715	-167.51035	1360000	-9.536743e-11	985.6747	-0.0058132163	-779.1645	3.6677663	0.011481799	0.1172	79.0	3486.5345962047577	1317
68	196.664	501.18143	684.0562	-603.59735	974.05	43.632294	34.27107	116.72638	-152.06221	1380000	7.629395e-09	7720.8906	-0.007770429	-4811.065	3.669411	0.006668913	0.08965	79.0	3545.31564950943	1338
69	51.93972	443.42392	701.9672	-505.9691	972.65	12.589046	61.329746	129.79797	-342.42484	1400000	5.912781e-09	6388.3896	-0.0025580975	-1611.6162	3.6688344	0.0108680315	0.1408	10.0	3590.8746988773346	1359
70	237.64307	403.21902	882.1723	-520.73334	1065.5555	19.508095	43.875156	112.96087	-363.61462	1420000	9.155274e-09	4983.7905	-0.0015316284	-2390.2285	3.6659305	0.009011997	0.12375	2.0	3635.4685645103455	1378
71	374.5321	396.76508	851.4314	-590.4712	1071.0	32.633774	36.767563	136.75761	-363.96475	1440000	-9.155274e-09	928.8634	-0.008838486	-667.41956	3.6647723	0.009395283	0.0642	79.0	3694.7529122829437	1397
72	360.51282	377.17438	653.8457	-601.8106	1098.5	39.4545	33.281	241.99104	-205.71858	1460000	0.0	1824.8969	-0.006391265	-711.3861	3.6374774	0.008587967	0.0823	79.0	3754.4484729766846	1416
73	283.44125	432.48273	775.8624	-600.0	1039.8948	38.924606	37.336132	141.55704	-152.58882	1480000	6.866455e-09	4609.966	-0.0082099885	-2922.579	3.6652067	0.007157736	0.09705	79.0	3814.0151019096375	1436
74	351.00327	364.63913	729.5173	-604.2482	1145.1177	27.785734	33.670605	138.50847	-318.6616	1500000	-3.0517577e-09	2224.965	-0.002553299	-1046.01	3.629567	0.013118306	0.15455	5.0	3859.0572094917297	1454
75	492.03986	269.64102	805.94586	-387.9095	1178.625	41.5017	32.849895	141.34636	-302.50604	1520000	6.866455e-09	1186.2705	-0.006811335	-338.5205	3.6636398	0.009651701	0.1186	79.0	3918.6349725723267	1471
76	578.9125	166.75403	744.699	0.06845094	1200.0	44.524258	38.889286	153.05887	-120.774376	1540000	6.1035155e-09	580.43427	-0.009781095	-358.25296	3.659614	0.012402637	0.1449	79.0	3978.3492047786713	1488
77	486.0756	355.82684	994.3396	-601.049	1154.8235	42.523132	43.136234	166.74814	-176.55357	1560000	-6.1035155e-09	526.82043	-0.0047473633	-333.22375	3.6301038	0.010954494	0.1007	6.0	4023.7734110355377	1506
78	541.7143	349.7469	942.2369	-523.56555	1134.5294	50.767284	39.22463	170.76112	-115.617546	1580000	3.0517577e-09	944.6605	-0.007130076	-235.20471	3.6178827	0.0106734065	0.13275	79.0	4083.6397309303284	1524
79	681.0901	276.0355	956.0742	4.134501	1200.0	51.147125	45.647644	176.29521	-47.675827	1600000	1.2207031e-08	301.94107	-0.005494565	-179.81305	3.6105258	0.007138591	0.0976	62.0	4139.731078386307	1541
80	802.95776	212.27031	1067.7191	153.79276	1200.0	68.81525	47.121403	192.82303	-104.861595	1620000	0.0	266.61487	-0.003523523	-135.41115	3.5844696	0.008751338	0.1046	1.0	4183.521768093109	1558
81	626.368	464.9868	971.6737	-524.29956	1102.4445	60.3366	48.760983	204.04042	-89.30938	1640000	-1.2207031e-08	2616.381	0.007378061	-680.93335	3.602924	0.045607097	0.4638	1.0	4227.743050098419	1577
82	661.57166	400.45956	1159.2454	-593.9023	1162.4117	63.48638	50.30586	215.62038	-198.28316	1660000	6.1035155e-09	1208.6433	-0.008683628	-800.7655	3.57645	0.007914328	0.08025	79.0	4287.621990919113	1595
83	679.66974	622.5441	1482.1173	-535.4163	1033.579	66.93741	43.037136	209.02043	-170.49211	1680000	1.525879e-08	3796.764	-0.006015192	-1826.2404	3.5767257	0.0071056383	0.0966	79.0	4347.759126186371	1615
84	1037.0886	611.48083	1628.3022	-582.686	1074.3334	86.834564	55.356964	225.36108	-212.67043	1700000	-1.373291e-08	2436.7126	-0.010767366	-1297.6833	3.576254	0.00897628	0.10655	79.0	4407.438761949539	1634
85	1147.763	561.47394	2264.3699	30.94844	1196.5	97.08668	74.938705	267.96707	-240.73132	1720000	1.2207031e-08	1926.4932	-0.0040359036	-1055.1075	3.576796	0.011387266	0.1584	3.0	4451.9289355278015	1651
86	1733.6643	678.2618	2587.839	-602.7449	1147.7646	133.69383	76.799324	305.9356	-334.00574	1740000	4.119873e-08	2438.35	-0.011720265	-1562.6808	3.5577345	0.012397271	0.1114	79.0	4511.46723651886	1669
87	1267.5336	999.55524	2140.5623	-613.5795	1052.6666	125.80816	110.850945	365.11526	-351.04108	1760000	3.0517577e-09	5642.7114	-0.0021769134	-3802.6316	3.5678058	0.015975231	0.2324	2.0	4556.084899663925	1688
88	1196.3754	1347.428	2942.189	-609.8963	952.8	130.3883	137.70981	390.37488	-433.40598	1780000	-6.1035155e-09	7048.236	-0.0027732148	-4893.18	3.5714548	0.01509256	0.1708	4.0	4601.487003803253	1709
89	2095.2144	879.98315	3357.562	64.86294	1200.0	179.31895	135.42033	401.30127	-188.6321	1800000	4.577637e-09	4026.688	-0.0072663957	-3318.4385	3.5559273	0.01012892	0.085	79.0	4661.542382955551	1726
90	2692.1016	1260.3419	4421.517	83.12679	1200.0	221.9691	157.00893	422.67178	-13.891854	1820000	3.0517577e-09	1671.492	-0.0038008697	-1171.622	3.5298893	0.0052657328	0.03995	6.0	4706.577365875244	1743
91	2538.7935	1236.9452	4616.068	138.53235	1200.0	224.27174	177.32526	450.48944	-49.315826	1840000	3.0517577e-09	783.7447	-0.0070537264	-335.1543	3.5461414	0.01014093	0.16915	5.0	4751.574384212494	1760
92	3274.5737	1381.1917	4682.58	-158.26758	1116.4117	314.50516	169.99843	463.5045	-22.379425	1860000	-1.5258789e-09	5622.5464	0.0016623855	-4385.1685	3.4993765	0.023555212	0.2537	1.0	4796.600016117096	1778
93	2374.2017	2036.7501	5168.1035	-609.4459	1006.0	264.01868	198.11191	476.63187	-301.87482	1880000	-7.629395e-09	7265.437	-0.0036136047	-3268.4065	3.5320554	0.008758592	0.10545	6.0	4841.973654747009	1798
94	2476.9048	1784.0894	4442.5557	-514.79144	1070.7778	252.30225	204.41116	490.3088	-243.6755	1900000	-3.051758e-08	3916.5923	-0.008663568	-2437.456	3.5222816	0.008287231	0.08225	79.0	4902.081482887268	1817
95	2660.3843	1626.6556	4680.4316	-384.83337	1147.7059	242.847	216.61938	493.559	-353.52948	1920000	3.0517577e-09	3361.839	-0.0071534393	-2895.6602	3.5037794	0.007616765	0.08525	79.0	4961.668186187744	1835
96	2617.0718	1867.954	5419.8784	-597.32587	1049.3158	280.97153	201.68835	490.23703	-156.87215	1940000	3.0517577e-09	4438.3843	-0.008588079	-2823.5564	3.4716392	0.010531456	0.12285	79.0	5021.324230194092	1855
97	3108.7932	1550.049	4636.6055	-101.77164	1125.4706	298.7686	197.30186	489.6575	-228.2575	1960000	9.155274e-09	4876.114	-0.008140021	-2656.502	3.408971	0.010088205	0.1258	79.0	5081.569519519806	1873
98	3246.9338	1739.0344	5744.6265	-424.09802	1099.4445	316.3279	194.76283	486.6582	-191.47314	1980000	-6.1035155e-09	4464.1255	-0.008752838	-3103.2793	3.360783	0.009969494	0.1022	79.0	5141.369318723679	1892
99	3545.9575	1314.0637	5257.0786	-545.689	1136.1765	345.83688	183.61804	494.24622	-158.97621	2000000	-8.7380405e-09	1738.3176	-0.007200478	-1435.1521	3.4162226	0.005646235	0.06755	79.0	5200.953325986862	1910
100	3526.4517	1940.0565	5360.3237	-603.5236	1120.0	339.5184	201.22983	494.48843	-231.14702	2020000	3.0517577e-09	1869.521	-0.007614885	-1756.3296	3.3883905	0.008341262	0.09405	79.0	5259.867583036423	1928
101	3061.9028	2005.2612	5408.54	-601.17175	992.8	354.05408	192.7944	497.63373	-348.3021	2040000	-9.155274e-09	12904.183	-0.0008374481	-6890.1274	3.389082	0.032022364	0.367	2.0	5304.517289400101	1949
102	3220.0288	1867.084	5227.897	-603.25903	1125.4706	307.80606	218.28442	499.02994	-473.03677	2060000	7.629395e-09	1779.81	-0.0019382401	-1648.8612	3.3902442	0.011035676	0.13635	8.0	5350.372841835022	1967
103	3470.1104	1748.6774	5076.038	-596.0891	1107.5555	347.6873	192.77808	498.53738	-491.68668	2080000	6.1035155e-09	1007.5931	-0.00016259155	-697.6392	3.4056718	0.017718753	0.19365	2.0	5395.210201501846	1986
104	3017.767	2081.5042	5296.6387	-603.7099	1054.0	319.37866	213.82013	498.331	-335.90604	2100000	1.373291e-08	2173.2112	-0.011360756	-1766.9962	3.3804605	0.0101246135	0.10355	79.0	5455.277732372284	2005
105	3271.8447	2073.5977	5303.484	-602.362	1055.6111	342.35788	210.27762	502.07352	-413.24908	2120000	-4.577637e-09	5068.907	-0.00021448822	-3647.4011	3.3528867	0.01290278	0.16905	9.0	5501.627720594406	2024
106	2657.8887	2208.8713	4932.345	-602.2431	973.35	313.36734	220.20906	500.43213	-420.19577	2140000	-1.5258789e-09	5708.2324	-0.0026197159	-4010.4612	3.3701613	0.011792797	0.14555	4.0	5546.819528102875	2045
107	4679.5806	409.95538	5400.466	3983.6582	1200.0	404.059	160.52031	500.21036	-234.4151	2160000	1.6021728e-08	3935.548	-0.0075102	-3832.4658	3.352736	0.0063279974	0.06835	79.0	5606.840111017227	2062
108	3845.41	1702.0792	5899.1445	-602.9564	1117.5294	378.6921	185.39377	499.1689	-501.55768	2180000	4.577637e-09	1187.9518	-0.010817127	-780.8364	3.3163323	0.011003218	0.1528	79.0	5665.499711751938	2080
109	3953.7227	1624.0603	5561.936	-552.5737	1096.8334	394.74878	161.69856	498.60443	-89.480545	2200000	-2.746582e-08	4464.2705	-0.0019512116	-1901.3564	3.308023	0.020111496	0.24845	2.0	5710.551955699921	2099
110	1179.9841	1803.9921	4705.987	-602.8244	642.8387	312.60736	194.98854	496.98447	-443.6551	2220000	6.1035155e-09	68747.195	-0.008268549	-43943.33	3.3161168	0.0024480768	0.0974	79.0	5770.213153839111	2131
111	1508.392	2113.9329	4887.7295	-602.9249	798.375	189.1878	196.23433	484.1417	-419.6254	2240000	1.5258789e-09	14229.203	-0.005291934	-4723.334	3.2921476	0.008715553	0.1041	1.0	5815.017557144165	2156
112	2344.3438	2286.1897	4872.6953	-602.5533	902.2273	270.4969	221.10985	505.81155	-471.76337	2260000	-6.1035155e-09	10195.89	-0.0013346772	-3185.0654	3.3007874	0.022541467	0.3079	2.0	5860.311149835587	2179
113	3135.6123	2110.4944	4859.95	-612.41766	1055.6666	329.50793	223.71098	503.6646	-556.34503	2280000	-3.0517577e-09	1167.9718	-0.012913252	-967.32043	3.2857845	0.009663394	0.1024	79.0	5920.6105580329895	2198
114	3108.668	2072.378	5246.9062	-602.36224	1098.8334	309.5114	224.59692	502.68762	-567.6948	2300000	5.340576e-09	1243.028	-0.010839956	-795.80035	3.2574532	0.0152086	0.09815	50.0	5974.950791597366	2217
115	3188.6084	2246.6821	5410.573	-596.9227	1152.0588	296.567	231.45135	502.83673	-539.81903	2320000	3.2043456e-08	1665.7528	-0.0021169556	-1287.1136	3.2045836	0.014137262	0.1946	3.0	6020.008974075317	2235
116	2930.518	2184.506	5256.5137	-602.83044	1049.6842	317.79343	227.41296	507.41702	-480.13837	2340000	-1.8310548e-08	3753.458	-0.0010789459	-2842.279	3.2187324	0.01512189	0.1864	2.0	6064.940418481827	2255
117	2130.1316	2266.0532	4958.0073	-601.98303	972.6	249.6982	233.79471	502.85178	-520.9277	2360000	8.392334e-09	8856.133	-0.0029877555	-3099.6187	3.2342973	0.006938939	0.09525	2.0	6109.998277187347	2276
118	3110.29	2332.6335	5347.752	-602.7602	973.1	344.5066	205.18896	504.18283	-448.76843	2380000	2.670288e-09	6256.0254	-0.002337462	-3122.985	3.2314177	0.018164087	0.2651	3.0	6155.09689116478	2297
119	2941.0818	2346.896	5261.1284	-602.11584	984.9	329.61258	220.34978	508.06946	-523.56854	2400000	-1.9836426e-08	3558.9385	-0.011510207	-2191.685	3.1994066	0.012135876	0.1525	79.0	6214.743322134018	2318
120	2760.365	2613.1528	5412.844	-602.2712	1039.0526	278.13943	247.07065	507.99158	-529.375	2420000	-1.2207031e-08	5273.343	-0.01165701	-4336.962	3.2202122	0.012428178	0.16295	79.0	6275.697313308716	2338
121	3675.283	2211.5776	5441.5723	-603.00885	1092.2222	364.35565	209.86224	507.98602	-453.0084	2440000	-1.2207031e-08	1429.0823	-0.012661331	-1100.1152	3.2533698	0.011250101	0.10235	79.0	6335.897721529007	2357
122	2885.4143	2169.287	5345.4624	-601.92755	1048.7894	314.1572	223.4915	513.4475	-484.7285	2460000	1.8310548e-08	6209.988	-0.0022615967	-4767.6387	3.2225347	0.01383156	0.1754	3.0	6381.0907073020935	2377
123	3674.718	2014.3733	5264.7656	-622.701	1128.2941	353.31656	209.16478	503.61758	-491.66562	2480000	1.5258789e-09	1600.5217	-0.01077645	-1394.3916	3.2303483	0.01120122	0.1206	79.0	6442.81094121933	2395
124	3812.851	2044.6489	5547.622	-603.79486	1064.3334	391.3403	180.05858	504.43237	-519.85223	2500000	1.5258789e-09	1311.188	-0.0034775285	-613.0459	3.2339578	0.011350452	0.1327	3.0	6488.18158364296	2414
125	3642.22	1964.9353	5451.286	-588.52826	1105.3334	361.13116	203.08507	507.97128	-429.4776	2520000	-4.577637e-09	2282.9675	-0.01056947	-1952.894	3.2085693	0.0063764555	0.0862	79.0	6549.113964557648	2433
126	3716.4988	2041.325	5523.69	-597.2614	1142.0588	354.63965	211.39186	506.8341	-489.96744	2540000	7.629395e-09	476.6079	-0.013826774	-335.89954	3.21137	0.0096132625	0.0972	79.0	6609.12314581871	2451
127	3757.7327	2062.176	5355.9053	-604.7085	1110.1666	372.84747	199.5555	512.6866	-332.29724	2560000	9.155274e-09	775.67474	-0.011766367	-629.72345	3.1989143	0.008076015	0.0918	79.0	6669.503322839737	2470
128	3327.8154	2336.2927	5299.452	-601.3096	991.2632	384.36923	189.53162	508.43042	-481.2247	2580000	-1.335144e-09	10696.014	-0.001832088	-4997.732	3.1550949	0.020714428	0.3255	2.0	6714.847736120224	2490
129	3952.5725	1829.6975	5592.993	-601.8718	1157.3529	353.05286	214.2767	499.08954	-465.52322	2600000	9.155274e-09	1611.1555	-0.011595788	-1532.4038	3.1974895	0.0077727004	0.0835	79.0	6774.39480304718	2508
130	4197.982	1531.0183	5319.7686	-602.5722	1154.5883	393.27084	172.31812	508.2083	-328.78	2620000	1.2207031e-08	565.6643	-0.010541861	-499.9178	3.1526327	0.0066679595	0.10395	79.0	6834.4082226753235	2526
131	3578.3806	1947.7711	5429.8257	-567.7793	1122.7059	359.4122	202.93889	512.22485	-398.91617	2640000	2.1362304e-08	3323.2341	-0.0015207367	-2228.8667	3.1127796	0.025046082	0.30605	2.0	6879.558014631271	2544
132	2570.5212	2545.9883	5311.249	-602.3022	891.9545	333.63934	227.57141	517.56366	-481.83713	2660000	9.155274e-09	7718.704	-0.010418354	-5771.4033	3.118347	0.013242946	0.1334	79.0	6939.223941087723	2567
133	2832.208	2517.783	5281.4956	-603.0884	911.6667	339.60776	223.53967	503.75537	-525.1131	2680000	7.629395e-09	7927.357	-0.004027662	-3653.2773	3.1079357	0.019993816	0.31235	2.0	6984.386912822723	2589
134	4292.308	1692.7148	5432.999	-595.83185	1170.0	384.42142	191.0056	526.85925	-512.61224	2700000	4.577637e-09	1890.5754	-0.0027710083	-1762.0035	3.1098185	0.012626026	0.20365	2.0	7030.01197886467	2607
135	4079.0667	1657.2427	5552.361	-592.71606	1166.7646	381.1581	188.71571	534.1081	-424.79514	2720000	3.0517577e-09	591.8139	-0.01384782	-483.2639	3.124875	0.010063614	0.11605	79.0	7091.080883026123	2625
136	3182.2498	2274.911	5230.0195	-599.6119	1087.8889	317.70413	233.17587	502.587	-464.06473	2740000	-1.5258789e-09	889.381	-0.011433276	-757.3189	3.1120875	0.011276032	0.11665	79.0	7151.365838289261	2644
137	3725.819	2035.4315	5458.1655	-566.3546	1136.0588	356.03598	201.00964	527.3561	-359.98944	2760000	3.0517577e-09	2785.4214	-0.002489804	-2556.5732	3.0875468	0.023938665	0.29535	2.0	7196.505476236343	2662
138	2798.676	2521.9407	5697.0947	-595.2654	906.1818	354.69946	195.93716	525.17957	-324.13153	2780000	9.155274e-09	10795.462	-0.0032573424	-6662.656	3.09887	0.015159734	0.22415	2.0	7242.521614551544	2685
139	3397.8508	2167.2039	5596.638	-479.8725	1055.3889	345.49463	209.04242	505.01108	-373.23447	2800000	6.1035155e-09	3531.2832	-0.012477164	-2517.7983	3.1138284	0.011393906	0.1153	79.0	7302.785260438919	2704
140	4502.311	1328.8734	5658.59	-607.78406	1147.1765	423.17004	141.22145	509.25473	-200.10869	2820000	1.5258789e-09	3718.5137	-0.011270109	-3413.9707	3.0970445	0.011393423	0.10475	79.0	7363.080902099609	2722
141	3763.7976	2177.2578	5933.52	-572.4001	1023.2632	405.64896	166.94943	512.19934	-186.85674	2840000	-6.1035155e-09	6009.5503	-0.008752003	-5609.172	3.1022587	0.0059714937	0.08025	79.0	7423.466547727585	2742
142	4232.59	1662.175	5539.83	-466.53168	1142.8823	400.4457	168.11313	506.79962	-341.78867	2860000	-6.1035155e-09	1337.7516	-0.010549188	-1184.5887	3.0795696	0.007978409	0.13045	79.0	7483.652463912964	2760
143	3572.0815	2387.4968	5630.1006	-388.29105	950.9524	427.65866	135.96545	525.59186	-242.8968	2880000	3.0517577e-09	15921.83	-0.0023592834	-12982.68	3.0733316	0.014857927	0.18575	2.0	7530.411808252335	2782
144	4156.6196	1682.4696	5355.7173	-605.56665	1093.7778	401.2664	169.4953	504.85995	-211.03566	2900000	9.155274e-09	6141.19	-0.012158793	-5991.0044	3.0627708	0.014949	0.1137	71.0	7589.469968557358	2801
145	4343.506	1699.52	5410.4346	-603.5984	1164.4706	391.69547	191.33415	506.9592	-363.20224	2920000	6.1035155e-09	3280.414	-0.011990625	-2974.3506	3.0177262	0.013329753	0.1248	79.0	7650.037083148956	2819
146	4278.2993	1809.2908	5371.4224	-603.85315	1114.7646	419.57236	162.99016	510.7061	-367.41977	2940000	4.1007997e-09	513.6151	-0.011645413	-412.1201	2.9517677	0.006394016	0.0977	79.0	7710.7694981098175	2837
147	4346.5376	1308.8611	5498.8325	-290.22562	1146.6471	420.06345	145.71875	509.52325	-40.28749	2960000	-1.2207031e-08	2953.353	-0.0068372637	-2409.4072	2.8925755	0.0084469225	0.09145	79.0	7770.917346000671	2855
148	4173.489	1792.9026	5634.4707	-603.17786	1122.7059	399.53156	186.2155	508.768	-446.04874	2980000	-1.2969971e-08	2044.4602	-0.010954901	-1924.9019	2.9564621	0.012385258	0.13775	79.0	7831.66742348671	2873
149	3559.5999	2318.0637	5610.757	-604.54504	1021.2105	387.99878	183.51192	502.03116	-460.6731	3000000	-9.155274e-09	8368.869	-0.0023122148	-5523.425	2.9151413	0.017458335	0.2611	2.0	7877.43301320076	2893
150	3756.6736	2111.4639	5619.434	-602.6435	1015.6842	409.0551	165.4752	504.14264	-472.60443	3020000	-6.1035155e-09	4774.5522	-0.0020150207	-3539.0854	2.9196591	0.0261057	0.38135	2.0	7922.697011709213	2913
151	4434.0747	1346.6508	5432.5903	-523.9163	1138.7646	422.1449	149.69719	507.65015	-239.01276	3040000	-1.0681152e-08	3157.0205	-0.0047540236	-2485.509	2.9417853	0.012102437	0.1458	11.0	7969.976106643677	2931
152	3731.695	1974.992	5346.462	-602.50305	1129.5883	342.8905	218.25092	508.7942	-413.28397	3060000	2.746582e-08	1901.2972	-0.0061420547	-1815.2859	2.9236593	0.009530655	0.13405	79.0	8030.291132926941	2949
153	4606.947	1333.1921	5544.1304	-563.2444	1135.1765	439.3308	125.19331	505.85397	-246.68224	3080000	-1.373291e-08	1092.6907	-0.011259294	-997.67145	2.864034	0.0058115404	0.0666	79.0	8091.223577976227	2967
154	4530.7397	1177.4409	5388.139	220.18858	1200.0	407.69394	160.55756	505.54858	-122.22658	3100000	0.0	367.1337	-0.01593434	-311.93414	2.847856	0.01208383	0.1512	79.0	8151.651279449463	2984
155	4217.801	1609.0046	5533.685	-153.47139	1151.1765	399.3276	168.70787	506.09503	-207.23816	3120000	4.577637e-09	3703.4453	-0.0028670288	-2816.5884	2.7686405	0.01630741	0.23235	4.0	8198.21174287796	3002
156	5008.098	343.13257	5589.6606	4405.347	1200.0	445.8101	119.29783	515.54034	-11.09595	3140000	-1.2207031e-08	790.61676	-0.0027792053	-753.48956	2.762053	0.0101979785	0.11645	2.0	8243.774420022964	3019
157	3781.4805	2087.9353	5348.1387	150.56912	1200.0	348.6501	203.19995	504.4582	-73.54563	3160000	-3.0517577e-09	329.8053	-0.012274256	-292.0065	2.7636468	0.011795247	0.1103	79.0	8303.77448606491	3036
158	4624.364	1242.107	5400.89	157.94844	1200.0	417.5077	154.75821	508.40564	-122.66165	3180000	4.577637e-09	164.92386	-0.0033520965	-137.30061	2.7487755	0.013901489	0.1723	2.0	8349.551611423492	3053
159	4178.721	1948.9991	5533.436	-131.9919	1109.1765	418.20627	155.02345	511.74048	-108.26432	3200000	-1.8310548e-08	6091.3784	0.00023992843	-4134.7676	2.7448401	0.038118225	0.4251	2.0	8395.05353808403	3071
160	3981.8457	1933.9852	5359.449	-602.7089	1152.5883	376.24615	192.90921	513.0574	-359.6223	3220000	-1.6784668e-08	869.7088	-0.015065138	-810.3708	2.7243617	0.010605118	0.1197	79.0	8455.327908992767	3089
161	4375.122	1711.4921	5575.535	-578.1596	1134.5883	416.01096	159.35957	507.6435	-277.16257	3240000	-3.0517577e-09	512.28284	-0.014435497	-443.79816	2.7526383	0.006727771	0.09695	79.0	8516.168956756592	3107
162	4999.5723	291.44626	5374.078	4292.234	1200.0	446.31534	116.338295	510.3093	-96.494545	3260000	9.155274e-09	145.99358	-0.01576295	-115.35005	2.6944487	0.0072980486	0.07525	79.0	8577.132654428482	3124
163	4531.8223	1631.9211	5731.261	208.73552	1200.0	401.82074	173.66391	522.2666	-136.01135	3280000	-9.918213e-09	189.90787	-0.015035088	-161.40807	2.6449056	0.008407535	0.09715	79.0	8638.44873046875	3141
164	4739.8076	980.62494	5594.3926	1153.1295	1200.0	426.55676	146.05519	503.92813	-58.241787	3300000	-6.1035155e-09	151.28438	-0.015092196	-118.61132	2.619279	0.009535577	0.11115	79.0	8698.84299492836	3158
165	4310.9526	1659.1692	5164.825	-560.6202	1134.1765	415.7704	156.04552	506.8404	-402.23502	3320000	1.2207031e-08	456.1749	-0.014794653	-421.16364	2.611011	0.0068715834	0.07665	79.0	8760.186966180801	3176
166	4705.03	1311.5498	5476.382	-449.03674	1142.8235	445.8918	117.50794	507.69943	-58.94526	3340000	-2.746582e-08	2283.1128	-0.0010687591	-1795.8491	2.6130495	0.023646494	0.3331	2.0	8806.479195356369	3194
167	4534.4688	1530.6364	5429.896	215.10474	1200.0	406.89664	166.46066	508.37277	-162.9869	3360000	0.0	928.5822	-0.002876709	-905.6612	2.6062324	0.008637127	0.11165	3.0	8852.169848442078	3211
168	4793.1704	1202.2502	5770.194	308.9608	1200.0	428.03265	144.61707	512.56793	-168.4352	3380000	-9.155274e-09	205.72086	-0.008422262	-168.61984	2.6035733	0.013991455	0.24225	12.0	8899.548228502274	3228
169	5060.282	346.7372	5558.563	4308.397	1200.0	450.96326	113.18431	510.98215	0.8125677	3400000	1.525879e-08	121.82915	-0.0144115295	-99.41082	2.5771446	0.00973919	0.10855	79.0	8959.72281050682	3245
