Epoch	AverageEpRet	StdEpRet	MaxEpRet	MinEpRet	EpLen	AverageVVals	StdVVals	MaxVVals	MinVVals	TotalEnvInteracts	LossPi	LossV	DeltaLossPi	DeltaLossV	Entropy	KL	ClipFrac	StopIter	Time
0	-496.305	77.2998	-418.702	-577.604	1000.0	-0.0119717	0.685354	1.5912	-1.81179	4000	2.05934e-08	2212.81	-0.0197246	-863.224	5.48748	0.0160444	0.19625	3.0	3.562328815460205
1	-713.503	121.43	-579.293	-857.295	1000.0	-8.70467	4.30517	3.71255	-14.1369	8000	-9.05991e-09	4030.37	-0.0506977	-1388.03	5.46043	0.0160229	0.23575	24.0	8.258888244628906
2	-566.207	89.1381	-454.847	-690.958	1000.0	-21.8286	1.30515	-1.05178	-22.1634	12000	-1.87159e-08	1279.12	-0.0223751	-245.267	5.47535	0.0149731	0.207	8.0	12.294716119766235
3	-491.598	7.47889	-484.338	-501.785	1000.0	-26.7865	0.419004	-17.7133	-26.8582	16000	-4.68493e-08	537.052	-0.0380607	-95.8004	5.45535	0.0153878	0.18875	17.0	17.022030353546143
4	-554.143	115.299	-417.674	-671.293	1000.0	-29.7713	1.47639	9.26564	-29.9976	20000	-3.46899e-08	1069.71	-0.0732721	-136.491	5.43965	0.0147772	0.383	79.0	20.935730457305908
5	-515.104	46.841	-460.82	-563.696	1000.0	-33.6212	0.512642	-21.373	-33.7141	24000	-4.88758e-09	597.931	-0.0516022	-56.8596	5.34363	0.0158706	0.267	26.0	25.831788778305054
6	-475.419	46.441	-419.731	-544.602	1000.0	-36.307	0.276312	-28.9302	-36.3459	28000	-9.65595e-09	252.181	-0.0165709	-20.4346	5.3585	0.0218556	0.267	5.0	30.36953902244568
7	-450.36	91.4021	-383.729	-607.851	1000.0	-37.8578	1.20119	1.60812	-37.9749	32000	-2.96831e-08	281.844	-0.044922	-6.28906	5.36149	0.0164903	0.241	18.0	34.65903949737549
8	-594.315	238.834	-363.883	-948.402	1000.0	-38.7759	0.510384	-22.1425	-38.8342	36000	-6.80685e-08	1284.06	-0.0491156	-78.1512	5.36289	0.0155525	0.2395	24.0	38.885348320007324
9	-418.479	50.0365	-373.258	-502.848	1000.0	-42.0637	0.221515	-36.6401	-42.0924	40000	2.70605e-08	255.299	-0.0173536	-10.1732	5.341	0.0164703	0.2235	6.0	44.42284798622131
10	-401.249	40.4577	-360.207	-456.382	1000.0	-40.8536	2.51626	31.7042	-41.0535	44000	-2.20537e-08	221.125	-0.0192257	-16.2764	5.36311	0.0163127	0.25225	7.0	49.10426902770996
11	-392.254	44.1825	-341.128	-452.413	1000.0	-39.515	0.293365	-30.4494	-39.5439	48000	1.44243e-08	161.475	-0.0546513	-12.8728	5.36987	0.0159463	0.2675	29.0	53.81468915939331
12	-387.155	51.8488	-308.823	-454.295	1000.0	-37.8604	1.68099	16.0603	-38.0419	52000	-1.66893e-09	266.275	-0.0459043	-17.8619	5.24481	0.0152417	0.25525	25.0	57.01375412940979
13	-484.9	61.0431	-421.371	-582.431	1000.0	-36.4521	0.22186	-27.5169	-36.4802	56000	-2.31266e-08	405.461	-0.046124	-14.5672	5.29705	0.0158309	0.26475	20.0	61.45144867897034
14	-482.47	101.863	-333.557	-615.595	1000.0	-37.9646	0.19988	-32.8206	-38.0088	60000	1.78814e-10	473.6	-0.0680353	-13.8872	5.2389	0.0152584	0.35275	46.0	66.08190274238586
15	-376.032	46.4328	-308.524	-439.696	1000.0	-39.6918	0.0654715	-37.6147	-39.7	64000	-4.64916e-09	150.763	-0.0183361	-19.2882	5.27265	0.0168374	0.23725	6.0	70.44472074508667
16	-590.457	132.419	-395.857	-742.065	1000.0	-37.7532	0.31491	-22.8657	-37.7897	68000	-3.37958e-08	984.371	-0.0189028	-112.288	5.23949	0.0154461	0.192	6.0	73.40370965003967
17	-475.35	117.967	-321.607	-651.852	1000.0	-42.4597	0.189943	-32.5535	-42.4791	72000	1.66893e-09	625.285	-0.012549	-1.64587	5.19411	0.0159195	0.20125	4.0	77.54032158851624
18	-418.031	96.8569	-317.573	-524.025	1000.0	-42.0587	0.17938	-37.9487	-42.088	76000	6.31809e-09	549.951	-0.0164236	-18.1021	5.23827	0.016986	0.23875	6.0	82.22085857391357
19	-483.299	63.5852	-401.938	-579.794	1000.0	-39.986	1.63969	19.24	-40.1269	80000	-2.26498e-09	547.082	-0.0482285	-12.986	5.19492	0.0154601	0.26825	24.0	85.44860410690308
20	-472.866	218.559	-288.844	-834.28	1000.0	-40.8968	0.647402	-19.2294	-40.9394	84000	3.91006e-08	706.056	-0.0516545	-6.65283	5.2255	0.0162048	0.286	26.0	91.14327073097229
21	-398.604	176.455	-273.962	-703.162	1000.0	-41.7648	0.870841	4.59793	-41.8019	88000	-1.91927e-08	500.279	-0.0256815	-15.0616	5.23574	0.0158982	0.184	9.0	95.51766276359558
22	-334.087	51.4264	-264.686	-409.664	1000.0	-39.9194	0.31815	-28.0477	-39.9378	92000	5.1856e-08	286.29	-0.0138954	-74.3331	5.19254	0.0185458	0.27	5.0	100.13285613059998
23	-378.124	104.388	-283.833	-554.015	1000.0	-35.2828	1.65651	1.3098	-35.4657	96000	-7.7486e-08	363.221	-0.0174642	-3.88803	5.18398	0.0167261	0.24775	6.0	105.57859921455383
24	-465.03	51.1387	-410.401	-522.489	1000.0	-24.6514	23.8499	34.1916	-34.7988	100000	4.92334e-08	1053.11	-0.05631	-604.721	5.15726	0.0154383	0.27925	31.0	109.30059432983398
25	-365.569	31.7074	-322.454	-398.166	1000.0	-36.8122	1.60138	12.3269	-36.9776	104000	1.64509e-08	163.486	-0.0454995	-21.5895	5.18467	0.0157924	0.24725	25.0	115.36193561553955
26	-356.254	52.2768	-297.655	-438.149	1000.0	-34.2341	1.84914	-2.54277	-34.8483	108000	2.6226e-09	247.451	-0.0543157	-20.5462	5.08917	0.0157097	0.28675	28.0	120.1059672832489
27	-421.678	102.729	-306.943	-586.512	1000.0	-31.3739	2.48379	-9.21993	-33.195	112000	-3.57628e-09	575.153	-0.0152756	-30.2117	5.10614	0.0169932	0.25	5.0	124.94781684875488
28	-336.639	89.1539	-256.869	-476.293	1000.0	-32.1209	2.66593	-10.1718	-35.3695	116000	-1.26362e-08	249.88	-0.0465355	-39.4991	5.04989	0.0158531	0.25	21.0	132.40550637245178
29	-476.496	123.295	-353.126	-625.766	1000.0	-30.3535	4.63545	2.75183	-35.7859	120000	4.20809e-08	656.283	-0.0642487	-145.586	5.11491	0.0152498	0.30775	44.0	140.0565767288208
30	-559.728	141.826	-353.322	-752.331	1000.0	-36.9533	7.03231	-0.637644	-41.6638	124000	-4.72069e-08	685.214	-0.0420431	-179.132	5.04475	0.015896	0.1965	16.0	146.93014812469482
31	-341.099	41.5556	-304.202	-411.345	1000.0	-28.1177	10.4322	-6.2828	-48.8741	128000	-2.7895e-08	119.677	-0.0467672	-15.5708	5.06766	0.0155446	0.242	21.0	152.65783977508545
32	-355.476	72.8646	-281.936	-429.396	1000.0	-32.1948	10.0721	7.36882	-49.0865	132000	1.7643e-08	254.927	-0.0152356	-18.2483	5.05739	0.0204919	0.259	5.0	156.792786359787
33	-325.288	61.7158	-266.571	-423.177	1000.0	-28.7428	8.95288	5.21393	-48.788	136000	-4.52995e-09	126.431	-0.0147354	-13.5057	4.9997	0.01846	0.226	5.0	161.12916350364685
34	-289.44	30.9252	-257.647	-327.464	1000.0	-28.0803	7.821	-13.811	-48.6236	140000	-5.00679e-09	165.386	-0.046331	-24.9546	5.00623	0.0158836	0.23875	22.0	165.64472770690918
35	-274.793	64.3777	-183.51	-353.7	1000.0	-22.6716	7.49061	2.19551	-48.3004	144000	8.22544e-09	109.676	-0.0176504	-18.6482	5.02392	0.0144804	0.24275	6.0	170.10379552841187
36	-287.29	52.1141	-241.32	-375.301	1000.0	-25.244	6.24251	-1.24782	-47.989	148000	1.23978e-08	107.828	-0.01244	-11.7727	4.91896	0.022085	0.275	4.0	175.91068315505981
37	-228.079	56.9331	-131.202	-272.332	1000.0	-23.9572	5.95258	-10.4285	-47.894	152000	1.28746e-08	143.909	-0.0321004	-58.6836	4.94038	0.0163344	0.20175	13.0	181.9503617286682
38	-241.673	28.3768	-210.423	-286.029	1000.0	-21.3819	3.74095	20.6331	-46.5864	156000	1.95503e-08	93.4593	-0.0187368	-11.3583	4.8787	0.0164531	0.21975	6.0	187.46727871894836
39	-255.225	17.9734	-231.067	-281.384	1000.0	-21.4693	4.9679	21.5547	-46.8502	160000	1.72853e-08	162.641	-0.0368095	-32.3806	4.86817	0.0157598	0.19825	14.0	191.92451095581055
40	-273.883	21.1357	-247.379	-304.714	1000.0	-21.7965	7.14807	-1.02562	-46.3736	164000	-2.76566e-08	143.526	-0.0502741	-28.3611	4.91034	0.0160739	0.27725	25.0	198.2068886756897
41	-356.981	134.867	-178.434	-555.154	1000.0	-24.8694	11.6402	-2.80313	-48.185	168000	-1.71661e-08	376.537	-0.042079	-102.234	4.87611	0.0163466	0.21175	16.0	203.26738381385803
42	-288.116	107.077	-154.087	-413.647	1000.0	-25.4935	14.1122	0.299691	-51.0935	172000	2.48551e-08	212.681	-0.0209509	-20.1193	4.86962	0.0145837	0.21925	7.0	207.5685715675354
43	-206.808	44.5063	-160.882	-261.112	1000.0	-24.8458	15.4949	22.1501	-51.8088	176000	3.95775e-08	296.492	-0.0353589	-216.195	4.80694	0.0164821	0.216	13.0	213.26507711410522
44	-228.359	69.6117	-146.467	-338.322	1000.0	-17.4046	7.27429	-0.690515	-50.5307	180000	1.83582e-08	168.504	-0.01448	-47.998	4.77786	0.0200885	0.22875	5.0	216.32576298713684
45	-366.066	220.027	-112.858	-631.265	1000.0	-27.5204	13.8583	-9.99858	-51.179	184000	1.35899e-08	368.822	-0.0131539	-119.371	4.81385	0.0186988	0.22175	5.0	220.18429398536682
46	-247.652	71.3813	-162.321	-357.319	1000.0	-23.8675	15.9406	5.5241	-53.5076	188000	2.98023e-09	307.776	-0.0281178	-50.2097	4.79697	0.014667	0.21975	9.0	224.44680190086365
47	-210.272	108.237	-90.8904	-352.036	1000.0	-17.6748	15.6404	26.5327	-53.9579	192000	-7.62939e-09	255.516	-0.0127151	-29.9919	4.76557	0.0215968	0.255	5.0	228.2900369167328
48	-243.592	150.249	-92.264	-467.521	1000.0	-19.6548	17.3474	23.9714	-54.2496	196000	3.33786e-09	344.261	-0.0513533	-67.2744	4.78857	0.015781	0.27375	29.0	232.74880361557007
49	-234.749	141.888	-49.6723	-416.714	1000.0	-20.1344	18.7187	43.8544	-55.5908	200000	1.07288e-08	167.125	-0.0414581	-31.2001	4.79306	0.0167421	0.243	17.0	236.95034050941467
50	-276.925	193.84	-157.554	-612.503	1000.0	-20.9983	20.3964	4.618	-55.9828	204000	-1.54972e-08	255.583	-0.0136088	-46.845	4.70743	0.0194439	0.24475	5.0	241.3070514202118
51	-187.066	80.3018	-106.561	-271.013	1000.0	-14.8307	15.7677	8.61181	-56.9267	208000	1.57356e-08	228.223	-0.0456827	-74.9167	4.70045	0.0161879	0.24725	21.0	245.16386461257935
52	-207.287	188.519	-19.0296	-521.332	1000.0	-17.8135	14.4454	20.3355	-56.4011	212000	-1.09673e-08	317.673	-0.0338659	-102.316	4.64381	0.0165976	0.21025	13.0	249.6007363796234
53	-206.491	97.1517	-125.842	-371.604	1000.0	-15.2297	17.5605	34.6799	-57.2382	216000	3.0756e-08	306.911	-0.0405623	-85.9591	4.62786	0.0159573	0.2605	19.0	252.7118854522705
54	-173.168	10.0681	-157.418	-185.307	1000.0	-12.9371	15.8525	17.7133	-57.9481	220000	3.69549e-09	162.896	-0.0153041	-54.0368	4.66589	0.0162554	0.202	5.0	256.5753037929535
55	-332.016	141.077	-190.374	-561.933	1000.0	-18.9265	16.8521	9.47135	-57.371	224000	1.28746e-08	677.11	-0.0453764	-330.987	4.60591	0.0154696	0.227	20.0	260.9411358833313
56	-212.087	79.3509	-76.3899	-277.719	1000.0	-18.8108	24.9018	2.83963	-60.5537	228000	1.75238e-08	300.116	-0.0132023	-115.235	4.60384	0.0142705	0.226	5.0	264.81532645225525
57	-125.81	64.2209	-49.6238	-201.668	1000.0	-9.87254	14.2541	11.1676	-59.1233	232000	-1.78814e-08	182.832	-0.0125233	-60.0774	4.64975	0.019912	0.2565	4.0	268.99848556518555
58	-90.5407	36.8254	-54.3942	-141.182	1000.0	-7.66577	8.75469	23.5974	-57.9998	236000	-1.04904e-08	129.418	-0.0291421	-27.2079	4.62575	0.0149285	0.16925	11.0	272.0287706851959
59	-38.3872	48.3032	2.49603	-120.646	1000.0	-5.60105	6.18099	19.3211	-57.2254	240000	-2.38419e-09	120.67	-0.0177725	-28.9271	4.59643	0.0152098	0.16275	6.0	275.88622999191284
60	-153.418	192.243	-7.68111	-483.798	1000.0	-5.84742	7.15556	25.9306	-56.17	244000	-4.05312e-09	558.556	-0.0473735	-365.755	4.6177	0.0154421	0.293	24.0	280.67136335372925
61	-158.4	63.5275	-107.136	-266.291	1000.0	-13.2303	19.0804	26.9762	-59.9634	248000	4.76837e-09	234.919	-0.0107284	-114.289	4.59354	0.024915	0.28075	4.0	284.9107663631439
62	-76.5887	68.6715	-12.0446	-187.407	1000.0	-9.95317	10.935	15.5072	-58.4794	252000	2.57492e-08	179.179	-0.0444096	-52.2973	4.59503	0.0154233	0.258	21.0	289.34039998054504
63	-101.879	54.4314	-41.5254	-181.299	1000.0	-6.31407	11.2383	17.3189	-56.1238	256000	9.53674e-09	166.334	-0.018278	-43.4175	4.58459	0.0167889	0.2125	6.0	292.30668568611145
64	-73.3936	87.0604	49.8889	-172.197	1000.0	-4.61477	9.89371	8.42936	-56.4751	260000	-5.00679e-08	173.92	-0.0143723	-56.6713	4.59199	0.0168894	0.19375	5.0	296.15677309036255
65	-134.177	239.908	56.3432	-543.951	1000.0	-9.52295	11.2828	21.3312	-54.5815	264000	-2.24113e-08	427.072	-0.0760812	-220.004	4.52932	0.0128581	0.38525	79.0	301.0910577774048
66	20.4561	27.8042	52.9766	-19.8725	1000.0	0.909838	10.3243	15.114	-58.7792	268000	-2.38419e-08	195.898	-0.0173733	-76.5236	4.47593	0.0155945	0.2235	5.0	305.3765344619751
67	-26.8965	94.206	61.2738	-185.573	1000.0	0.766372	8.59926	24.6782	-55.7441	272000	-1.43051e-09	175.874	-0.0118707	-66.2795	4.50564	0.0161074	0.231	4.0	308.3241477012634
68	-225.897	130.535	-53.5146	-421.107	1000.0	-9.06555	17.8946	24.1792	-57.5191	276000	2.86102e-08	692.643	-0.0140216	-307.308	4.46283	0.0170117	0.22875	5.0	312.0470058917999
69	7.43419	33.4476	44.1023	-45.2981	1000.0	-6.44617	17.0335	33.5669	-61.2645	280000	6.67572e-09	287.09	-0.0341789	-208.501	4.51673	0.0173523	0.20675	13.0	316.4843807220459
70	55.7378	88.5621	173.584	-75.8762	1000.0	0.727513	9.11218	16.8086	-56.7984	284000	-1.43051e-08	278.436	-0.0156263	-130.2	4.43394	0.0194738	0.27275	5.0	319.85564136505127
71	52.9841	35.784	90.8202	7.17185	1000.0	10.0184	9.29484	25.966	-53.9408	288000	2.14577e-09	123.602	-0.0148596	-46.1584	4.44148	0.0163501	0.224	5.0	324.54385018348694
72	-67.423	45.7903	-2.34851	-113.174	1000.0	2.59673	10.7377	17.1324	-54.9042	292000	-9.53674e-09	324.767	-0.0489753	-129.53	4.42025	0.0162111	0.29375	24.0	327.71266651153564
73	-47.1088	186.839	144.879	-306.468	1000.0	-4.79088	18.5562	31.0842	-57.4634	296000	2.00272e-08	352.487	-0.0466153	-88.4326	4.33805	0.0160091	0.24225	20.0	331.75195264816284
74	95.2119	33.3919	125.413	42.3617	1000.0	6.83517	9.67001	26.1709	-56.0306	300000	-2.08616e-08	173.65	-0.0132264	-73.0526	4.35042	0.0206029	0.20275	4.0	335.90898633003235
75	35.5431	59.1692	112.709	-53.5213	1000.0	5.65962	11.2633	36.749	-56.2197	304000	-2.86102e-09	196.042	-0.0140826	-46.3206	4.36777	0.0177775	0.2445	5.0	339.80864000320435
76	64.244	26.4513	102.716	28.4783	1000.0	9.18316	6.98554	31.3277	-45.1056	308000	-1.81198e-08	108.772	-0.0407791	-31.4822	4.3498	0.016604	0.23175	17.0	344.082004070282
77	85.5432	81.0146	141.167	-54.0892	1000.0	4.49263	7.904	25.2434	-49.5045	312000	2.38419e-10	252.311	-0.0166274	-84.6744	4.3374	0.0157406	0.24925	5.0	348.01800775527954
78	27.315	80.166	164.556	-35.972	1000.0	10.8484	9.73028	26.4492	-50.5464	316000	-1.14441e-08	195.212	-0.0171557	-70.1656	4.33527	0.0155585	0.23475	6.0	352.1516082286835
79	18.6434	139.558	178.429	-157.096	1000.0	2.39908	10.6131	23.0738	-56.6235	320000	2.12193e-08	385.571	-0.0164138	-142.922	4.31233	0.0149215	0.163	6.0	356.0651216506958
80	31.6341	60.1075	109.184	-52.0135	1000.0	3.88329	16.305	30.4189	-57.4342	324000	-1.90735e-09	209.355	-0.0129232	-69.9316	4.35018	0.0167623	0.21075	5.0	360.6045513153076
81	-104.414	188.765	63.0136	-424.714	1000.0	-1.55322	17.1386	25.367	-51.5436	328000	1.71661e-08	527.812	-0.0567244	-240.4	4.33276	0.0154146	0.29925	30.0	365.1429226398468
82	49.6823	101.704	133.102	-124.056	1000.0	1.72943	18.8029	17.6783	-59.5308	332000	-6.79493e-09	236.633	-0.0155534	-119.101	4.30129	0.0185618	0.224	5.0	369.3231155872345
83	17.3725	71.2231	79.6132	-94.6308	1000.0	4.70862	14.8131	19.0436	-50.6685	336000	-9.05991e-09	278.963	-0.0426219	-66.8494	4.28789	0.0151666	0.225	20.0	372.43335485458374
84	42.3939	48.6023	88.5274	-37.2734	1000.0	6.3825	14.089	25.785	-52.1425	340000	6.4373e-09	232.789	-0.0348569	-47.7366	4.28047	0.0168433	0.19875	14.0	376.50622367858887
85	78.5821	112.024	206.37	-93.6369	1000.0	7.73371	10.8366	25.1402	-46.6444	344000	3.33786e-09	178.709	-0.0261561	-57.0316	4.29818	0.0159314	0.19025	9.0	380.6279935836792
86	164.452	66.0121	260.34	73.963	1000.0	11.2995	11.5231	26.3244	-46.5366	348000	-1.37091e-08	204.906	-0.0154581	-84.9858	4.19641	0.0190803	0.27175	5.0	384.64971804618835
87	58.3631	122.616	181.826	-143.48	1000.0	11.0067	13.2705	33.8535	-50.8293	352000	4.88758e-09	379.753	-0.013928	-140.545	4.23269	0.0181527	0.24075	5.0	388.7358043193817
88	35.2321	95.4313	100.643	-129.154	1000.0	5.75757	19.8243	38.3899	-59.6237	356000	-2.02656e-08	256.367	-0.0415488	-81.1184	4.23668	0.015584	0.22725	17.0	391.81464552879333
89	98.4706	71.9603	173.806	-7.59349	1000.0	9.76255	13.2836	25.5369	-48.6297	360000	1.19209e-10	205.496	-0.0230853	-37.5615	4.17341	0.0169614	0.2	7.0	395.90559673309326
90	-17.6423	164.777	102.169	-300.557	1000.0	6.07752	15.2701	24.6531	-45.7921	364000	-1.04904e-08	425.332	-0.0141147	-175.217	4.21179	0.0166222	0.22475	4.0	401.3684136867523
91	125.863	115.263	206.442	-72.0353	1000.0	10.2676	17.5669	32.9306	-56.9268	368000	1.90735e-09	318.425	-0.0120446	-123.314	4.17516	0.0186746	0.2235	5.0	404.4679682254791
92	-98.4143	186.911	210.337	-253.041	1000.0	2.13834	19.8389	44.5704	-52.5797	372000	-1.3113e-09	517.222	-0.0162556	-228.318	4.20157	0.0176841	0.23925	5.0	408.81710290908813
93	127.418	93.0719	249.579	-7.99946	1000.0	8.19207	17.0563	31.6986	-60.5207	376000	1.00136e-08	272.985	-0.0431089	-76.0149	4.16339	0.0167936	0.24325	19.0	413.1056635379791
94	57.5735	73.1358	170.14	-18.0392	1000.0	7.7909	17.9462	29.5988	-55.0443	380000	4.76837e-10	304.086	-0.0143332	-72.0427	4.13533	0.0178954	0.25625	5.0	417.0673089027405
95	148.217	41.224	193.635	86.1602	1000.0	12.5839	15.0744	40.3671	-54.9408	384000	-4.29153e-09	159.51	-0.0153021	-39.1934	4.11639	0.0153914	0.19725	5.0	421.1746518611908
96	64.8814	173.268	200.674	-228.816	1000.0	7.37103	19.9736	37.4397	-52.0852	388000	3.09944e-09	298.131	-0.0164753	-74.1106	4.10273	0.0159657	0.181	5.0	424.14455366134644
97	60.6723	185.565	187.233	-260.007	1000.0	7.50759	19.3599	29.1017	-55.8145	392000	-2.59876e-08	412.421	-0.0182801	-91.2747	4.1629	0.0179136	0.24975	6.0	428.0303328037262
98	32.4081	166.549	230.251	-151.056	1000.0	-2.23022	23.5617	35.0528	-60.7033	396000	2.0504e-08	512.518	-0.018873	-144.722	4.12396	0.0143034	0.243	7.0	432.23635935783386
99	137.873	79.7951	265.754	47.0274	1000.0	13.241	14.1256	34.6143	-53.5485	400000	-1.26362e-08	183.599	-0.0371992	-58.1287	4.07711	0.015851	0.212	16.0	436.29008650779724
100	196.754	40.6737	258.792	157.533	1000.0	14.3463	9.04022	30.3755	-47.3432	404000	-1.19209e-08	230.552	-0.0172105	-84.525	4.09874	0.0166664	0.1635	6.0	440.857439994812
101	224.246	159.265	399.929	49.0051	1000.0	17.7513	10.5154	54.6642	-42.9711	408000	-3.09944e-09	327.918	-0.0311338	-99.2104	4.07465	0.0160779	0.2135	12.0	444.4557354450226
102	70.1744	233.4	252.836	-326.54	1000.0	16.8051	18.3868	56.0713	-52.2908	412000	-4.52995e-09	501.11	-0.0454462	-250.318	4.11972	0.0165549	0.253	21.0	449.1293957233429
103	135.318	115.848	233.861	-50.2897	1000.0	6.99154	21.1789	44.111	-55.6224	416000	5.00679e-09	287.016	-0.0331146	-124.563	4.05742	0.017706	0.20025	13.0	452.1707854270935
104	143.669	197.72	294.38	-196.146	1000.0	14.3988	16.6934	30.2229	-39.833	420000	3.5286e-08	514.565	-0.0488088	-117.796	4.0157	0.0157469	0.26525	23.0	456.8763470649719
105	256.133	35.2749	304.042	205.493	1000.0	22.359	15.1274	33.8217	-49.0168	424000	1.14441e-08	230.591	-0.0183515	-93.3408	4.01774	0.016079	0.1925	6.0	460.8546018600464
106	221.081	30.6695	257.446	172.451	1000.0	25.3136	7.83141	46.5699	-36.7018	428000	-1.97887e-08	144.093	-0.0165219	-35.0681	3.99269	0.0133376	0.17775	5.0	464.97137117385864
107	177.596	118.643	300.373	-15.9725	1000.0	18.1425	11.1967	41.4309	-46.2041	432000	-1.12057e-08	337.89	-0.0329275	-97.1649	3.97755	0.0166704	0.25125	13.0	469.0636372566223
108	202.304	95.6075	349.833	86.2185	1000.0	20.0778	12.9821	33.9994	-34.2504	436000	4.17233e-09	241.299	-0.0335902	-66.5679	4.05249	0.0172123	0.25175	12.0	473.59323930740356
109	157.7	100.568	284.399	4.26496	1000.0	18.1005	13.5591	35.834	-39.9165	440000	5.96046e-10	330.814	-0.0390186	-87.6435	4.00169	0.0151694	0.23725	16.0	478.54409766197205
110	279.093	96.1194	381.231	150.231	1000.0	17.6553	9.4703	40.4189	-48.3415	444000	-2.67029e-08	226.833	-0.0440071	-102.79	3.98637	0.0158353	0.236	21.0	482.6918008327484
111	293.354	93.8259	413.335	198.088	1000.0	26.1344	8.98451	52.4061	-40.2346	448000	-9.17912e-09	225.916	-0.0153658	-47.3405	3.89795	0.0221429	0.26875	4.0	488.89434599876404
112	262.294	148.458	374.481	11.0403	1000.0	24.7935	10.6456	52.0974	-43.1274	452000	5.55515e-08	425.607	-0.0326493	-175.445	3.8626	0.0162846	0.2195	14.0	493.9127323627472
113	294.365	101.507	451.116	203.712	1000.0	25.7066	18.1587	62.6935	-59.98	456000	1.62125e-08	342.97	-0.0244796	-109.405	3.89594	0.0148939	0.2005	10.0	497.43799233436584
114	325.432	105.916	398.282	142.525	1000.0	29.2828	12.4541	56.1781	-51.8905	460000	-1.19209e-08	338.424	-0.0510972	-100.276	3.92785	0.0157952	0.276	26.0	502.33418703079224
115	277.809	94.7956	367.234	131.883	1000.0	29.2447	17.415	66.0905	-56.772	464000	1.00136e-08	447.486	-0.0341725	-160.728	3.94765	0.0160161	0.195	13.0	506.06516909599304
116	286.138	129.261	379.173	63.2481	1000.0	27.6341	9.58651	47.4067	-24.8928	468000	-8.10623e-09	233.227	-0.0167577	-42.7304	3.92172	0.0161893	0.2005	5.0	510.5045590400696
117	276.38	61.8645	375.854	206.555	1000.0	25.4892	11.6389	53.0187	-35.6037	472000	-2.38419e-09	286.213	-0.0487137	-59.1016	3.95415	0.0159641	0.27975	23.0	514.4404084682465
118	241.912	157.542	362.11	-24.3115	1000.0	25.9172	13.9739	44.0485	-46.6432	476000	-3.09944e-09	330.579	-0.0153244	-90.9789	3.89493	0.0162828	0.202	5.0	518.8393006324768
119	282.838	119.62	384.981	84.1769	1000.0	25.0083	16.1186	39.485	-38.1601	480000	-4.30346e-08	614.151	-0.034232	-259.934	3.82492	0.0155078	0.23775	13.0	522.7740006446838
120	299.835	125.029	431.926	105.723	1000.0	26.2003	17.5622	68.1756	-60.3581	484000	1.14441e-08	409.295	-0.0348696	-119.414	3.83341	0.0166493	0.24775	13.0	528.4825658798218
121	232.05	177.785	475.843	10.5254	1000.0	26.1938	18.6869	52.4811	-49.1439	488000	2.0504e-08	397.821	-0.0140787	-99.5863	3.80117	0.0182212	0.2365	4.0	531.4442684650421
122	142.251	187.553	417.893	-107.994	1000.0	18.2307	24.6639	55.6615	-55.9923	492000	-1.28746e-08	581.184	-0.0279546	-131.774	3.8248	0.015562	0.19725	10.0	535.7141082286835
123	369.757	105.914	466.061	194.016	1000.0	27.6886	12.4448	56.1299	-58.4009	496000	-1.0252e-08	306.354	-0.0145585	-98.1147	3.81562	0.0156671	0.2385	5.0	540.0645277500153
124	343.276	83.3841	446.585	213.905	1000.0	32.4025	13.9086	70.8989	-37.221	500000	-1.57356e-08	313.913	-0.029647	-101.287	3.80077	0.0159154	0.2035	12.0	544.0416734218597
125	353.514	76.3569	423.048	224.57	1000.0	31.6469	10.0204	69.5285	-25.5741	504000	5.48363e-09	238.9	-0.0305451	-62.9845	3.82472	0.0164082	0.1695	11.0	548.450359582901
126	261.366	118.091	416.645	87.5884	1000.0	30.9437	10.3128	67.507	-27.3284	508000	3.8147e-09	516.619	-0.0126705	-208.662	3.76311	0.0171938	0.20375	4.0	552.3599429130554
127	295.827	190.865	508.924	26.5347	1000.0	26.2738	17.2705	44.9213	-44.6485	512000	-5.72205e-09	550.849	-0.0109698	-174.688	3.77274	0.0188448	0.249	3.0	556.627641916275
128	392.725	68.1453	467.548	289.435	1000.0	32.3121	17.7931	59.3247	-49.1955	516000	1.81198e-08	476.889	-0.0343763	-208.8	3.7459	0.0156327	0.25975	14.0	559.8458940982819
129	328.157	136.141	461.845	114.0	1000.0	32.9138	13.35	57.5702	-46.0159	520000	3.57628e-10	473.619	-0.0742341	-166.449	3.74496	0.0141131	0.3705	79.0	566.0331690311432
130	328.027	14.7791	347.066	311.572	1000.0	31.9511	17.1631	67.3904	-55.1068	524000	-1.19209e-09	368.446	-0.0366833	-128.177	3.7049	0.0155376	0.2505	13.0	570.734742641449
131	252.134	183.914	473.732	-32.6804	1000.0	29.9375	13.6842	57.1665	-47.694	528000	1.23978e-08	571.117	-0.0119789	-173.715	3.71138	0.0166261	0.21075	4.0	574.3925886154175
132	390.185	89.9877	471.769	240.195	1000.0	32.1582	13.6509	41.2097	-51.9147	532000	-9.53674e-10	257.408	-0.0689014	-70.5265	3.71673	0.0151891	0.3635	69.0	579.4347779750824
133	358.016	81.0491	474.609	257.838	1000.0	34.3276	14.2978	44.3983	-39.2206	536000	2.26498e-08	315.923	-0.0132335	-121.394	3.68846	0.0152446	0.22525	4.0	583.5849981307983
134	398.143	71.5675	465.491	291.016	1000.0	32.0077	9.47187	52.7112	-36.0244	540000	-2.59876e-08	299.144	-0.0328366	-77.3784	3.60024	0.0155402	0.209	12.0	587.5832736492157
135	293.412	181.024	444.354	-14.1486	1000.0	34.0868	15.2966	52.3161	-38.5611	544000	-2.14577e-08	622.085	-0.0322536	-340.68	3.63621	0.0168617	0.2485	11.0	591.8314960002899
136	346.719	86.0652	436.758	258.173	1000.0	29.0917	20.8834	72.4469	-65.351	548000	1.19209e-08	395.373	-0.0223221	-144.217	3.61123	0.0156515	0.199	7.0	595.7253923416138
137	395.097	68.5233	474.446	319.543	1000.0	31.9209	12.0714	52.1337	-42.8762	552000	1.40071e-08	388.207	-0.0338112	-95.7837	3.55889	0.0171932	0.27025	13.0	600.0569803714752
138	247.358	50.6375	313.323	180.512	1000.0	32.8624	15.4832	64.9977	-50.9088	556000	9.05991e-09	583.586	-0.012628	-221.07	3.58362	0.0205586	0.27425	4.0	604.3064818382263
139	339.766	116.126	473.653	199.783	1000.0	22.061	15.5637	49.8929	-47.4134	560000	-9.53674e-10	563.247	-0.01403	-207.588	3.54345	0.0205844	0.2565	4.0	607.2733426094055
140	421.201	57.8437	489.571	329.532	1000.0	34.1263	13.94	63.2268	-40.0352	564000	1.14441e-08	407.592	-0.0119261	-71.6672	3.53385	0.0148975	0.19625	4.0	611.7048628330231
141	386.042	62.0403	456.252	312.327	1000.0	38.622	12.7984	69.7124	-45.7302	568000	-1.26958e-08	387.47	-0.0130195	-55.3178	3.55114	0.0151583	0.161	4.0	615.7452471256256
142	491.591	145.499	719.178	318.781	1000.0	38.2357	9.23293	65.3956	-25.9143	572000	-1.84774e-09	549.266	-0.0194096	-119.48	3.55614	0.0140244	0.211	6.0	619.7903940677643
143	408.941	78.425	492.38	293.796	1000.0	39.9542	11.1377	72.5683	-31.2992	576000	2.76566e-08	337.559	-0.0134837	-72.5689	3.55933	0.0182702	0.19275	4.0	624.3012101650238
144	432.976	36.379	477.023	377.656	1000.0	37.4273	12.1105	70.9222	-38.7483	580000	2.90871e-08	352.175	-0.0352034	-81.3549	3.48297	0.0157752	0.2435	14.0	628.2466790676117
145	554.583	48.7317	637.696	515.554	1000.0	45.1723	13.8063	72.6092	-23.5641	584000	-1.07288e-08	479.422	-0.0338066	-105.394	3.53505	0.0153758	0.221	14.0	632.723974943161
146	597.812	115.866	713.707	442.601	1000.0	46.393	11.8561	75.0613	-11.0109	588000	9.53674e-09	325.312	-0.0422602	-118.163	3.51641	0.0161784	0.2525	19.0	636.7868762016296
147	490.171	99.6841	608.715	368.161	1000.0	55.5931	15.9426	89.0725	3.35226	592000	3.54052e-08	549.641	-0.0474884	-248.937	3.48788	0.0154565	0.25825	23.0	641.1605126857758
148	470.122	102.458	571.191	328.303	1000.0	43.2537	11.0794	71.5426	-29.1361	596000	1.90735e-09	451.695	-0.0568319	-68.2462	3.49455	0.0157381	0.29175	31.0	644.4380879402161
149	493.635	50.8309	577.714	447.585	1000.0	42.7934	10.6124	74.2606	-31.4828	600000	-9.53674e-09	492.839	-0.0473131	-81.7309	3.41915	0.0158541	0.25325	23.0	648.9855935573578
150	621.867	140.348	821.033	471.927	1000.0	50.4348	17.8366	83.8216	-31.9536	604000	-7.15256e-10	891.463	-0.0405669	-262.889	3.47485	0.0160784	0.2155	15.0	654.1911857128143
151	496.23	44.5161	546.097	436.555	1000.0	41.0794	22.7369	88.5769	-30.1312	608000	1.57356e-08	656.833	-0.0227218	-275.365	3.41905	0.0172407	0.192	8.0	658.1984691619873
152	552.825	45.3819	628.722	511.669	1000.0	46.0902	9.02539	78.0761	-18.2635	612000	2.20537e-08	483.908	-0.0469643	-213.894	3.45985	0.0165618	0.286	19.0	662.5316393375397
153	703.323	73.6265	823.108	622.483	1000.0	54.6206	16.5554	86.2912	-2.18446	616000	1.07288e-09	402.894	-0.0170091	-106.167	3.34242	0.0135779	0.18875	5.0	666.7396008968353
154	571.161	102.327	722.823	468.742	1000.0	61.7716	17.3834	90.9993	23.6562	620000	-5.3525e-08	410.791	-0.0112561	-144.661	3.41108	0.0164899	0.1805	4.0	670.645455121994
155	577.721	80.4111	713.356	505.007	1000.0	49.4301	17.7374	86.0277	-12.4532	624000	8.58307e-09	458.877	-0.0566116	-114.655	3.38401	0.0149664	0.30275	33.0	675.2476949691772
156	721.394	41.9159	764.721	664.93	1000.0	60.0935	12.444	86.2229	-28.2189	628000	-5.72205e-09	500.507	-0.0376444	-125.625	3.37854	0.0170167	0.2445	14.0	679.5226066112518
157	559.76	149.495	698.597	319.604	1000.0	58.3627	20.4026	88.5131	-29.703	632000	3.33786e-09	555.586	-0.01417	-116.492	3.31915	0.0171762	0.1805	4.0	682.492048740387
158	604.477	145.021	757.201	376.497	1000.0	49.0051	17.6779	87.5638	-23.1529	636000	9.53674e-10	378.079	-0.0192669	-97.7063	3.36484	0.0159011	0.1895	6.0	686.4496507644653
159	809.294	96.7316	955.587	710.01	1000.0	69.6146	15.0593	91.8466	-2.56215	640000	3.67165e-08	515.537	-0.0742815	-76.5898	3.35197	0.0150915	0.3855	71.0	691.2631742954254
160	669.443	179.199	866.438	470.339	1000.0	60.2237	18.5901	92.9277	5.34945	644000	-1.23978e-08	328.921	-0.0204237	-33.9641	3.22036	0.0184849	0.20125	5.0	696.480800151825
161	533.527	210.473	874.608	348.376	1000.0	56.5328	22.343	91.2571	-29.7021	648000	5.72205e-09	1107.41	-0.0189915	-356.047	3.22945	0.0143808	0.24875	5.0	700.6814148426056
162	663.208	80.0517	751.957	533.951	1000.0	58.1551	27.1819	88.7859	-52.4493	652000	-2.13981e-08	891.13	-0.0545589	-196.213	3.21345	0.0153492	0.28825	28.0	704.9599151611328
163	673.694	221.445	1048.04	496.41	1000.0	50.9771	25.1087	91.491	-31.723	656000	9.53674e-10	624.12	-0.0187887	-156.531	3.14238	0.0150681	0.22525	5.0	708.9893476963043
164	715.904	106.511	855.381	603.418	1000.0	67.4828	27.4172	96.0636	-24.0363	660000	2.40803e-08	775.127	-0.0302486	-128.353	3.15483	0.0166675	0.21975	12.0	713.3381879329681
165	651.351	145.13	893.67	525.526	1000.0	49.572	23.7814	94.558	-21.5852	664000	2.19345e-08	339.469	-0.0234804	-122.88	3.13201	0.0171981	0.19975	7.0	717.7244868278503
166	626.724	165.592	902.044	459.577	1000.0	56.1821	20.9912	96.6061	12.5499	668000	2.38419e-08	308.526	-0.0691532	-28.3316	3.19445	0.0146894	0.3665	79.0	721.4769842624664
167	465.158	165.644	734.489	287.096	1000.0	53.2496	20.7483	96.629	-1.20996	672000	8.10623e-09	623.111	-0.0180699	-236.45	3.16246	0.014758	0.185	4.0	725.8923718929291
168	620.062	70.1952	677.674	503.245	1000.0	45.006	16.4851	87.4866	-0.805338	676000	4.29153e-09	475.256	-0.0461607	-161.749	3.18606	0.0163155	0.2835	19.0	730.6894397735596
169	560.028	122.113	714.687	414.685	1000.0	52.5486	20.5417	93.52	-15.2515	680000	-4.29153e-09	496.512	-0.048827	-86.42	3.11125	0.0155593	0.29075	22.0	735.5257437229156
170	777.091	198.587	1017.59	494.634	1000.0	62.554	21.5388	94.768	-21.8916	684000	7.62939e-09	593.435	-0.0360173	-155.251	3.11212	0.0161748	0.228	15.0	740.6654980182648
171	581.441	64.3775	689.562	523.31	1000.0	57.8844	19.7084	96.5506	-6.09492	688000	-2.5034e-09	354.696	-0.0554112	-111.617	3.1217	0.0150293	0.30325	32.0	745.2475023269653
172	618.738	92.4526	765.734	538.967	1000.0	53.8689	14.7782	89.4309	-8.20901	692000	5.24521e-09	220.471	-0.0157758	-28.9589	3.12202	0.0157527	0.25225	4.0	749.4232649803162
173	604.997	87.7214	750.298	528.939	1000.0	49.2646	12.362	87.785	21.9472	696000	1.43051e-09	270.154	-0.012053	-53.0174	3.1224	0.0173939	0.23475	4.0	752.3922595977783
174	783.706	181.088	1028.18	605.331	1000.0	68.8667	20.4581	98.7362	2.00388	700000	2.38419e-10	602.597	-0.0174809	-93.7914	3.13423	0.018175	0.2405	5.0	757.061075925827
175	925.314	66.8136	1010.72	842.525	1000.0	84.7776	13.8652	103.115	10.7271	704000	-1.38283e-08	622.882	-0.0130826	-102.514	3.04615	0.0181961	0.23925	4.0	761.4329259395599
176	673.633	175.982	977.151	555.943	1000.0	60.0475	26.2503	102.719	-22.8283	708000	5.48363e-09	477.124	-0.0176284	-98.8895	3.0999	0.015071	0.20425	6.0	764.4218804836273
177	711.733	209.214	1061.74	509.685	1000.0	58.8441	19.2908	100.397	-6.34582	712000	9.53674e-09	476.588	-0.0151047	-82.7729	3.07371	0.0195343	0.25575	5.0	768.1879529953003
178	794.093	162.049	976.731	541.414	1000.0	74.3696	23.2775	106.021	-29.3362	716000	9.77516e-09	423.859	-0.0301805	-56.5703	3.09479	0.0150228	0.22575	12.0	773.4336071014404
179	736.568	220.76	1100.62	525.233	1000.0	61.0617	18.5075	104.154	0.04396	720000	2.86102e-08	377.524	-0.0171979	-52.9116	3.02897	0.0148021	0.21775	5.0	777.6944115161896
180	994.025	231.189	1144.05	594.183	1000.0	87.5114	20.0408	106.5	-0.057864	724000	-1.71661e-08	724.613	-0.0123745	-82.6824	3.0252	0.0214509	0.296	4.0	782.3209216594696
181	1001.14	168.712	1195.46	780.628	1000.0	88.3097	23.4415	110.06	29.2558	728000	8.10623e-09	665.327	-0.0669562	-92.5056	3.03995	0.0124744	0.348	79.0	787.0187683105469
182	900.51	182.385	1118.05	641.201	1000.0	83.162	31.5696	113.575	-29.341	732000	9.29832e-09	544.538	-0.0709857	-62.2278	2.95043	0.0129642	0.37475	79.0	793.196661233902
183	1132.42	116.116	1270.03	948.621	1000.0	96.3061	22.5162	113.246	-0.694814	736000	1.90735e-09	912.081	-0.0212628	-119.683	2.86584	0.016209	0.20725	6.0	797.4055559635162
184	1060.47	133.02	1212.57	873.681	1000.0	94.4468	29.5204	117.979	13.6559	740000	1.81794e-08	639.111	-0.0107732	-59.296	2.96794	0.0214624	0.2715	3.0	801.3542096614838
185	944.362	312.404	1274.27	522.266	1000.0	86.0149	34.4563	119.402	21.6439	744000	8.58307e-09	565.333	-0.0449583	-46.7222	2.89699	0.0154955	0.2835	25.0	805.6724274158478
186	829.399	250.639	1114.29	426.394	1000.0	92.1466	35.6185	120.834	-21.8337	748000	-1.04904e-08	1452.7	-0.0153526	-446.683	2.89468	0.0135709	0.21475	4.0	810.0474102497101
187	1030.38	176.586	1186.14	742.051	1000.0	82.8099	32.1739	118.479	-35.1517	752000	-3.24249e-08	1087.89	-0.0373808	-349.898	2.89517	0.0152618	0.261	16.0	814.483015537262
188	913.455	217.52	1260.41	662.859	1000.0	78.9389	25.4612	120.327	2.17075	756000	-3.61204e-08	563.843	-0.0236135	-68.1964	2.90429	0.0153134	0.19675	8.0	817.4849033355713
189	779.183	105.696	910.328	616.192	1000.0	80.675	31.698	121.129	-18.6517	760000	-1.40667e-08	1171.27	-0.0483834	-355.087	2.83997	0.0160328	0.2765	23.0	821.5758929252625
190	971.214	438.985	1476.45	461.637	1000.0	73.9668	27.8835	114.815	-16.1446	764000	1.64509e-08	1191.44	-0.0252101	-469.742	2.79481	0.0170023	0.20525	9.0	826.3679413795471
191	964.726	193.748	1239.19	742.021	1000.0	91.704	36.7809	127.438	-23.1645	768000	8.58307e-09	808.256	-0.0305445	-215.401	2.84545	0.0154512	0.26875	13.0	830.7043783664703
192	704.185	151.067	942.54	538.616	1000.0	71.6835	28.1677	123.999	-13.2642	772000	4.22001e-08	1102.86	-0.0297882	-312.978	2.80118	0.0173713	0.25025	11.0	834.6819007396698
193	818.979	225.994	1133.57	504.896	1000.0	66.1051	28.942	121.405	-48.1767	776000	-9.53674e-10	704.854	-0.0113131	-230.852	2.8208	0.0224959	0.26725	3.0	838.778308391571
194	1089.07	77.514	1169.37	1005.5	1000.0	106.359	19.9301	124.167	-4.74832	780000	3.8147e-09	729.886	-0.012649	-104.773	2.79969	0.0205569	0.26	4.0	841.7437958717346
195	1027.41	165.494	1231.88	779.403	1000.0	92.2428	27.922	123.063	-13.7762	784000	-3.8147e-09	590.819	-0.00946463	-59.0107	2.82743	0.0216655	0.302	3.0	845.5333263874054
196	899.253	180.843	1157.49	654.263	1000.0	77.8229	31.1424	122.677	13.7336	788000	7.15256e-10	633.782	-0.0147889	-74.7197	2.87213	0.0168745	0.20375	4.0	850.2630586624146
197	871.735	143.041	1028.31	666.04	1000.0	74.6514	32.4035	125.679	6.38971	792000	-9.53674e-10	448.197	-0.0210419	-48.0387	2.82712	0.0160484	0.184	8.0	853.6441848278046
198	780.502	130.986	969.076	611.467	1000.0	71.1083	32.3652	125.819	5.84455	796000	-1.4782e-08	865.39	-0.0238532	-233.891	2.76419	0.0156734	0.20125	7.0	858.3989064693451
199	985.277	298.154	1457.72	677.332	1000.0	83.8741	34.4814	126.913	-32.9696	800000	2.16961e-08	814.484	-0.0143233	-92.609	2.77513	0.0138163	0.2005	4.0	861.3608882427216
200	1064.11	127.605	1193.41	900.031	1000.0	100.397	33.7481	129.532	-27.0661	804000	2.86102e-09	1034.51	-0.0148806	-127.034	2.78189	0.0153755	0.20975	4.0	866.3695437908173
201	772.838	227.977	1160.49	607.451	1000.0	70.6647	33.4496	128.991	-13.4515	808000	-2.26498e-08	627.483	-0.0412447	-82.1237	2.7484	0.0172557	0.25325	18.0	870.5296032428741
202	929.975	299.01	1413.63	597.743	1000.0	77.6648	33.1363	128.213	-19.6199	812000	-1.90735e-09	772.973	-0.070768	-117.015	2.74694	0.0135818	0.37475	79.0	875.8157169818878
203	953.727	165.66	1158.12	752.88	1000.0	87.3206	33.1193	130.125	-21.9421	816000	7.62939e-09	820.397	-0.0143064	-145.648	2.70611	0.0161343	0.18325	4.0	880.1861786842346
204	1061.41	310.247	1415.01	685.824	1000.0	89.2337	28.2623	128.822	-8.13243	820000	3.09944e-08	1535.72	-0.0349917	-484.239	2.70448	0.0169827	0.271	13.0	884.2199213504791
205	1101.02	121.57	1276.61	969.012	1000.0	98.8706	34.3896	133.827	-62.0187	824000	-9.29832e-09	660.648	-0.0267809	-131.139	2.72756	0.0163868	0.23925	9.0	888.4965522289276
206	856.94	205.598	1111.46	585.577	1000.0	79.0217	40.0542	133.402	-60.7579	828000	-2.6226e-09	928.81	-0.0157605	-185.247	2.73931	0.0190823	0.20425	4.0	892.288872718811
207	771.148	42.8279	837.073	719.381	1000.0	65.9328	32.2357	130.647	-30.0076	832000	1.00136e-08	644.721	-0.0189843	-144.267	2.64201	0.0170807	0.22625	7.0	896.6213331222534
208	827.433	230.304	1180.98	563.702	1000.0	74.6631	27.8085	124.991	-3.24355	836000	-1.33514e-08	1004.75	-0.0235896	-240.361	2.70534	0.0168315	0.20325	7.0	900.434508562088
209	982.61	234.683	1232.13	732.289	1000.0	74.9393	35.8858	130.262	-25.166	840000	1.62125e-08	1039.38	-0.039945	-317.438	2.66899	0.01686	0.2355	16.0	904.4610068798065
210	1174.72	293.748	1507.13	769.016	1000.0	104.652	35.8728	135.714	-3.72347	844000	-3.33786e-09	754.445	-0.0672792	-76.7774	2.68365	0.0122032	0.3555	79.0	910.7413437366486
211	852.891	287.181	1306.16	531.897	1000.0	82.8483	40.4623	135.07	-47.6103	848000	-1.90735e-08	1017.79	-0.0679204	-298.421	2.65038	0.00466735	0.37275	79.0	915.8243787288666
212	747.922	119.211	953.311	665.52	1000.0	66.466	23.1644	123.979	-26.3554	852000	1.83582e-08	453.288	-0.0465538	-76.3748	2.61415	0.0151869	0.26475	20.0	920.2873742580414
213	938.963	227.937	1163.66	598.899	1000.0	76.2683	27.5711	127.615	-1.20182	856000	2.60472e-08	844.729	-0.0332525	-236.066	2.6603	0.0173363	0.251	10.0	924.7632601261139
214	1052.53	302.492	1451.58	696.027	1000.0	93.2261	38.806	135.879	-7.52424	860000	-2.64645e-08	1107.0	-0.0109106	-208.937	2.60805	0.0204687	0.223	3.0	929.3966038227081
215	923.19	214.902	1273.32	746.521	1000.0	82.5267	30.5767	136.933	11.5326	864000	-4.76837e-10	475.202	-0.0430967	-111.809	2.64471	0.0163861	0.274	17.0	933.7373731136322
216	885.226	163.995	1055.82	687.218	1000.0	79.3273	35.5784	135.629	-10.2774	868000	2.86102e-08	809.188	-0.0104002	-164.8	2.64483	0.0212713	0.25475	3.0	937.6789076328278
217	841.279	159.985	1049.31	613.257	1000.0	78.1088	32.914	134.916	-27.8462	872000	2.90871e-08	548.799	-0.0192393	-100.188	2.5968	0.0152437	0.24225	5.0	942.8739051818848
218	786.759	159.732	972.493	577.637	1000.0	70.0091	28.9129	130.163	-3.71796	876000	2.47955e-08	689.894	-0.0347449	-93.303	2.59182	0.0156054	0.23225	13.0	945.9062793254852
219	1317.12	216.158	1449.46	942.936	1000.0	103.858	17.4792	126.787	-22.7923	880000	-2.6226e-08	1578.75	-0.0158376	-388.504	2.52979	0.015997	0.2265	5.0	949.8059301376343
220	1159.34	194.379	1396.65	943.939	1000.0	103.258	32.72	136.181	-5.66833	884000	-4.76837e-10	768.725	-0.0128335	-81.1523	2.54584	0.018521	0.221	4.0	954.6907839775085
221	1168.15	326.576	1501.43	833.187	1000.0	97.1812	35.4502	136.924	-7.83673	888000	7.15256e-10	872.118	-0.0265727	-145.864	2.56751	0.0183688	0.223	10.0	959.0071420669556
222	1465.86	37.9156	1505.5	1415.29	1000.0	133.986	8.7822	141.294	9.38658	892000	1.69277e-08	1200.85	-0.0125698	-67.5172	2.54526	0.0199007	0.263	3.0	963.0626347064972
223	1034.9	292.987	1490.65	736.833	1000.0	88.6939	40.1891	142.279	12.1452	896000	-1.29938e-08	549.807	-0.0690779	-65.1797	2.55627	0.0123774	0.3735	79.0	967.9265730381012
224	1326.19	252.197	1623.18	960.626	1000.0	114.189	36.9783	143.148	-13.4762	900000	1.95503e-08	943.293	-0.0141183	-133.714	2.48045	0.0211051	0.2765	3.0	972.3592805862427
225	1172.34	309.2	1558.98	838.677	1000.0	107.656	45.952	148.971	-23.6433	904000	-4.6134e-08	925.684	-0.0133551	-105.881	2.50342	0.0187844	0.244	4.0	976.5298004150391
226	1311.42	318.542	1787.5	1004.35	1000.0	118.244	41.6035	148.567	5.89559	908000	3.24249e-08	1386.28	-0.0687792	-158.676	2.5062	0.0107076	0.37525	79.0	981.6964402198792
227	1302.52	436.266	1762.86	685.673	1000.0	108.727	43.4566	149.209	24.4135	912000	-2.21729e-08	1271.36	-0.0164145	-233.698	2.41836	0.0147861	0.18875	4.0	985.6955213546753
228	1297.0	318.956	1601.25	763.443	1000.0	123.56	47.392	159.105	-2.76583	916000	8.58307e-09	1133.88	-0.0201388	-150.983	2.43639	0.0164264	0.28875	7.0	988.6751453876495
229	1435.68	216.036	1688.85	1137.9	1000.0	125.165	39.3477	155.673	1.77253	920000	-1.56164e-08	1102.74	-0.0110119	-151.791	2.42233	0.0181001	0.20675	3.0	992.7383141517639
230	1371.72	386.48	1711.11	735.353	1000.0	125.5	46.5291	158.77	-5.7084	924000	-7.15256e-09	1050.9	-0.0130817	-106.547	2.36248	0.0142899	0.25375	4.0	997.444037437439
231	1463.76	377.476	1803.48	890.494	1000.0	124.166	43.246	156.896	18.3908	928000	-2.92063e-08	1033.84	-0.00853338	-139.871	2.38307	0.0275424	0.27825	2.0	1000.3726186752319
232	1102.71	389.287	1666.12	603.058	1000.0	105.011	51.7347	161.403	15.4378	932000	1.87159e-08	898.803	-0.00669404	-167.68	2.41838	0.0177299	0.21575	3.0	1004.0265572071075
233	1275.13	355.337	1660.85	824.093	1000.0	125.085	43.9119	158.069	-13.0761	936000	2.59876e-08	1815.51	-0.0281794	-352.302	2.36747	0.016162	0.2455	10.0	1008.1056725978851
234	1337.36	308.146	1693.35	843.976	1000.0	115.097	40.197	154.599	-30.9859	940000	2.52724e-08	1122.27	-0.0209778	-169.11	2.40083	0.0177806	0.23075	5.0	1012.3601315021515
235	1441.27	312.291	1735.46	943.615	1000.0	123.975	37.319	155.357	-22.9848	944000	1.43051e-08	1688.56	-0.00926262	-221.115	2.36262	0.0160001	0.2355	3.0	1016.7252943515778
236	1171.43	262.841	1570.56	900.318	1000.0	105.341	45.8839	160.733	13.2842	948000	-5.96046e-10	982.881	-0.0222501	-128.125	2.36161	0.0174198	0.2135	7.0	1019.7932584285736
237	1576.57	167.597	1784.03	1322.48	1000.0	138.311	28.8425	160.51	6.33251	952000	1.38283e-08	1383.76	-0.0330836	-275.468	2.32992	0.016036	0.261	13.0	1024.0542328357697
238	1467.71	390.104	1747.68	795.128	1000.0	134.645	40.9285	161.303	11.5899	956000	1.2517e-08	1385.32	-0.0189531	-191.412	2.39382	0.01506	0.19575	6.0	1028.7299234867096
239	1193.12	295.897	1442.83	714.241	1000.0	108.491	52.4165	161.313	-18.5399	960000	1.28746e-08	1093.92	-0.0115621	-191.472	2.28055	0.0225197	0.26425	3.0	1032.2298171520233
240	1166.61	364.967	1651.96	651.017	1000.0	95.6797	48.2355	160.593	14.6401	964000	-1.85966e-08	794.508	-0.0666854	-124.592	2.31358	0.0107501	0.3565	79.0	1039.9711499214172
241	1593.58	118.287	1735.43	1407.12	1000.0	144.873	27.6191	162.034	-4.83529	968000	-2.71797e-08	1445.14	-0.0241862	-125.02	2.27613	0.0175459	0.26675	8.0	1046.5490748882294
242	1380.69	339.521	1612.2	793.854	1000.0	126.736	45.3504	164.427	8.83126	972000	1.2517e-08	1247.42	-0.0279703	-132.918	2.355	0.0164555	0.30075	12.0	1053.1680147647858
243	1724.53	163.478	1894.15	1455.49	1000.0	144.771	28.656	164.392	27.8673	976000	1.66893e-08	1658.98	-0.0334057	-307.848	2.31272	0.0146998	0.26875	14.0	1058.9179785251617
244	1513.42	248.518	1749.65	1156.43	1000.0	139.589	51.0621	171.048	-15.1068	980000	-1.28746e-08	1173.52	-0.0105743	-146.809	2.30809	0.0231267	0.29225	3.0	1064.7095699310303
245	1615.17	95.7801	1737.23	1469.05	1000.0	155.575	21.8628	170.293	-7.09585	984000	2.7895e-08	1403.39	-0.0283705	-178.051	2.30042	0.0187576	0.25575	11.0	1069.3193850517273
246	1265.27	392.332	1734.89	648.514	1000.0	108.62	54.6849	168.714	10.9606	988000	-1.38283e-08	934.4	-0.0280213	-120.468	2.30846	0.016349	0.283	12.0	1073.497804403305
247	1516.53	338.554	1850.59	984.978	1000.0	129.629	48.062	169.687	29.1866	992000	4.29153e-09	1417.51	-0.0118135	-166.898	2.26662	0.0241091	0.2835	3.0	1079.344321012497
248	1783.8	55.7793	1820.48	1687.36	1000.0	166.071	14.1998	174.64	42.744	996000	3.57628e-10	1462.04	-0.0115572	-111.212	2.20458	0.0274405	0.30525	3.0	1084.7728581428528
249	1688.3	219.291	1866.72	1317.37	1000.0	153.456	36.6351	175.278	20.5147	1000000	3.95775e-08	1280.0	-0.00982205	-107.203	2.25602	0.0177761	0.25075	3.0	1091.362701177597
250	1569.39	448.508	1882.78	801.051	1000.0	145.221	44.9011	176.041	27.3242	1004000	-2.67029e-08	1377.79	-0.0183506	-140.375	2.2588	0.0173876	0.22925	6.0	1098.4535384178162
251	1543.15	328.259	1856.56	1007.11	1000.0	143.866	42.6055	175.654	-56.7019	1008000	1.38283e-08	1452.87	-0.00982458	-178.274	2.25798	0.0193246	0.28875	3.0	1103.3191866874695
252	1463.13	397.852	1777.12	782.635	1000.0	132.471	48.3719	174.858	26.0662	1012000	-8.10623e-09	1242.49	-0.0112166	-144.192	2.22116	0.0221806	0.24625	3.0	1106.8996622562408
253	1385.09	326.695	1679.26	848.366	1000.0	100.07	58.4987	174.429	10.287	1016000	7.15256e-09	3745.76	-0.019638	-1629.02	2.21901	0.0175714	0.20625	5.0	1111.6079256534576
254	1798.21	31.5845	1835.65	1758.22	1000.0	156.556	10.1456	178.544	75.129	1020000	2.38419e-08	1737.25	-0.0127251	-214.831	2.20625	0.0163458	0.22425	4.0	1115.2965245246887
255	1431.39	395.162	1854.46	929.193	1000.0	132.89	46.0291	179.649	31.8912	1024000	-1.9908e-08	1116.6	-0.0266182	-156.757	2.19755	0.0155564	0.25925	11.0	1120.3951511383057
256	1517.97	400.719	1934.85	908.099	1000.0	137.659	45.1546	179.207	32.7365	1028000	-1.90735e-09	1218.91	-0.0340016	-156.613	2.18602	0.0159741	0.25825	16.0	1124.775074005127
257	1549.74	181.422	1794.57	1300.18	1000.0	147.324	43.8858	180.277	26.7939	1032000	-5.72205e-09	1718.24	-0.0265908	-273.179	2.18465	0.0179609	0.24375	10.0	1129.2541723251343
258	1692.07	352.626	1912.27	1082.22	1000.0	145.421	38.3352	177.65	-32.8316	1036000	-1.90735e-09	1531.02	-0.0134395	-218.795	2.17922	0.0159226	0.21175	4.0	1133.2913932800293
259	1557.53	374.526	1900.79	924.785	1000.0	146.903	45.5883	180.727	23.1746	1040000	-5.84126e-09	1516.32	-0.0160386	-161.757	2.20901	0.0165007	0.2225	5.0	1137.5587162971497
260	1683.3	208.31	1913.76	1344.92	1000.0	152.424	30.6636	178.734	30.4561	1044000	8.58307e-09	1505.26	-0.00927778	-174.769	2.19525	0.0202446	0.33125	3.0	1142.8566417694092
261	1906.01	40.6636	1945.24	1844.38	1000.0	164.344	10.248	180.027	53.3178	1048000	-2.86102e-09	1796.17	-0.012197	-242.51	2.15115	0.0230356	0.289	4.0	1147.4308712482452
262	1798.15	111.478	1917.6	1616.58	1000.0	172.065	21.1248	182.759	-44.0563	1052000	-8.34465e-09	1741.68	-0.0167883	-211.925	2.18468	0.0147931	0.20075	5.0	1150.6588563919067
263	1871.33	68.3372	1959.13	1767.94	1000.0	164.051	15.8442	180.048	22.6639	1056000	-8.58307e-09	1956.23	-0.00956996	-226.467	2.19783	0.0190679	0.2805	3.0	1155.8590297698975
264	1861.17	13.7469	1874.65	1838.73	1000.0	171.985	8.66577	183.18	87.7115	1060000	-1.33514e-08	1660.32	-0.0159232	-127.77	2.18283	0.0172663	0.20625	5.0	1161.2737979888916
265	1378.29	433.759	1907.83	803.809	1000.0	127.178	56.5976	182.166	6.43129	1064000	1.78814e-09	1508.62	-0.0173543	-224.324	2.18418	0.0180807	0.239	6.0	1165.3050014972687
266	1583.53	356.256	1885.92	978.016	1000.0	142.319	47.2794	180.883	24.3196	1068000	-1.19209e-08	1455.57	-0.0313011	-189.143	2.17997	0.0163066	0.29025	13.0	1169.9847922325134
267	1769.05	219.782	1955.77	1417.28	1000.0	152.75	34.7336	181.144	26.8023	1072000	1.34706e-08	1621.24	-0.03253	-282.974	2.12963	0.0148453	0.25675	14.0	1174.733409166336
268	1826.63	125.341	1961.95	1621.48	1000.0	172.316	19.8481	184.901	-6.79339	1076000	5.24521e-09	1842.31	-0.0114339	-201.559	2.16114	0.0204159	0.24325	3.0	1178.6849491596222
269	1641.37	497.621	1954.71	780.354	1000.0	143.176	49.4114	183.871	24.3503	1080000	-1.7643e-08	1489.33	-0.0147044	-159.443	2.14369	0.0212053	0.26875	4.0	1183.029328584671
270	1568.93	547.625	2006.97	633.476	1000.0	137.264	57.7813	185.154	15.4946	1084000	2.6226e-09	1358.43	-0.0228088	-140.698	2.15769	0.0166576	0.26425	9.0	1188.0636701583862
271	1985.01	33.2522	2027.84	1935.19	1000.0	180.006	7.61713	187.627	70.4248	1088000	2.53916e-08	1590.3	-0.0119475	-87.8464	2.14166	0.0283493	0.31675	3.0	1192.0824856758118
272	1122.35	524.68	2027.14	761.262	1000.0	111.823	62.7926	188.544	10.1734	1092000	-1.43051e-09	1475.37	-0.0138211	-309.301	2.16164	0.0135532	0.2545	4.0	1196.7672605514526
273	1655.37	492.267	1960.61	803.352	1000.0	144.563	45.9792	184.345	7.80391	1096000	-8.34465e-09	1839.23	-0.0143881	-240.686	2.13396	0.0173842	0.2475	5.0	1199.890845298767
274	1793.3	122.801	1942.09	1600.86	1000.0	170.008	19.997	185.965	7.07349	1100000	-1.0848e-08	1758.37	-0.0633901	-246.474	2.14669	0.00980864	0.343	79.0	1205.6675734519958
275	1941.28	140.713	2100.16	1773.55	1000.0	168.848	11.9749	184.653	7.04397	1104000	1.52588e-08	1948.19	-0.0175914	-209.923	2.076	0.0125547	0.15925	5.0	1210.1678712368011
276	2041.63	89.7263	2145.27	1903.77	1000.0	178.546	7.08234	188.339	98.136	1108000	-9.41753e-09	1983.92	-0.00970082	-161.018	2.13228	0.024899	0.35875	3.0	1214.0909221172333
277	1908.6	73.0886	1967.77	1783.61	1000.0	185.51	10.7514	193.165	42.6447	1112000	-1.14441e-08	1857.67	-0.00878763	-198.806	2.10568	0.0203089	0.25675	3.0	1218.912605047226
278	1964.04	63.7064	2069.45	1909.24	1000.0	176.995	7.54895	190.417	121.33	1116000	1.12057e-08	1721.22	-0.0252619	-94.9358	2.09008	0.0163562	0.27025	10.0	1222.6743025779724
279	1633.69	618.185	2176.09	587.486	1000.0	149.908	54.487	190.566	13.7627	1120000	-1.75238e-08	1915.42	-0.0240682	-162.671	2.04755	0.0161982	0.262	9.0	1228.0758056640625
280	1804.69	195.236	1999.69	1489.98	1000.0	167.08	40.6966	192.658	-14.7962	1124000	-4.52995e-09	1649.16	-0.0148394	-252.408	2.10202	0.0174133	0.20625	4.0	1232.9234285354614
281	1316.03	473.384	2125.11	952.339	1000.0	117.017	74.1312	191.833	-59.971	1128000	-3.33786e-09	1355.3	-0.0407184	-235.683	2.05826	0.0157475	0.28325	20.0	1237.483741760254
282	1279.63	533.037	1979.38	750.722	1000.0	111.167	64.5963	189.644	-15.4593	1132000	8.10623e-09	1672.25	-0.014353	-360.176	2.02521	0.0152057	0.183	4.0	1241.776267528534
283	1718.21	520.421	2088.86	827.429	1000.0	145.388	46.9811	188.036	-15.2965	1136000	2.52724e-08	1784.56	-0.0216281	-270.047	2.07827	0.019559	0.22625	8.0	1245.9494371414185
284	1574.15	476.029	2026.08	904.788	1000.0	140.915	58.4884	192.22	31.8369	1140000	-5.96046e-09	1122.21	-0.0136953	-126.327	2.03469	0.0164799	0.238	4.0	1250.1049344539642
285	1656.23	544.172	2050.2	718.309	1000.0	153.783	56.5211	193.566	29.6865	1144000	-1.74046e-08	1532.66	-0.0158763	-146.627	2.01778	0.0160551	0.24625	5.0	1254.3873624801636
286	1392.86	562.352	2017.33	572.975	1000.0	132.775	59.6263	191.357	-35.5939	1148000	3.83854e-08	1440.79	-0.0131388	-193.094	2.0484	0.0208168	0.244	4.0	1258.856360912323
287	1512.38	317.516	1920.9	1029.12	1000.0	131.78	58.169	189.521	27.5189	1152000	-4.29153e-09	1216.65	-0.0105145	-137.06	2.01402	0.0185229	0.27025	3.0	1261.9406306743622
288	1904.56	76.042	2005.48	1802.69	1000.0	177.723	11.2872	191.138	54.3312	1156000	-1.28746e-08	1984.94	-0.00979419	-150.202	2.04767	0.0170795	0.2175	3.0	1266.6856968402863
289	1667.48	487.976	1972.77	822.662	1000.0	145.391	56.907	190.865	-7.75013	1160000	-4.29153e-09	1444.05	-0.0291077	-167.641	1.98005	0.0203427	0.2915	13.0	1271.1870746612549
290	1667.93	241.342	1875.35	1261.7	1000.0	163.273	41.4552	192.048	14.7399	1164000	-2.36034e-08	1655.54	-0.0199739	-215.061	2.04538	0.0176165	0.2145	6.0	1276.4509885311127
291	1969.79	127.095	2146.7	1791.59	1000.0	167.286	20.2683	188.033	13.5788	1168000	1.57356e-08	2138.73	-0.0101021	-356.971	2.01869	0.0187948	0.22225	3.0	1280.992567062378
292	2050.71	54.4396	2137.56	1990.45	1000.0	181.638	19.7311	193.885	45.354	1172000	-1.54972e-08	1993.47	-0.0143182	-189.813	2.06811	0.0161899	0.1935	4.0	1284.8466198444366
293	1689.84	340.893	2040.23	1187.3	1000.0	156.055	60.3342	198.461	21.8433	1176000	4.51803e-08	1526.27	-0.0289642	-122.274	2.02074	0.0169236	0.3245	13.0	1289.359513759613
294	1585.76	471.408	2129.39	842.398	1000.0	147.175	60.1977	197.797	18.8945	1180000	4.52995e-09	1411.88	-0.0137174	-115.175	2.02209	0.0139759	0.17475	4.0	1293.413892030716
295	1461.17	222.91	1844.0	1298.13	1000.0	124.733	64.0129	196.341	30.956	1184000	7.7486e-09	1010.22	-0.0242617	-125.087	2.02964	0.0183495	0.25275	9.0	1298.5489308834076
296	1277.72	381.836	1927.97	962.003	1000.0	117.409	63.4013	197.806	21.1654	1188000	-8.10623e-09	1296.09	-0.0646456	-162.908	1.99522	0.013014	0.3715	79.0	1303.8628737926483
297	1713.12	408.849	2248.23	1277.12	1000.0	147.317	51.8149	196.409	-8.44757	1192000	1.83582e-08	1754.45	-0.0327321	-210.442	2.03174	0.0151741	0.26	13.0	1308.096803188324
298	1219.49	460.656	1842.81	612.236	1000.0	114.385	64.1426	199.863	-20.2762	1196000	-1.51396e-08	1245.2	-0.0218903	-209.466	1.97257	0.0156793	0.20125	7.0	1313.2416744232178
299	1520.32	466.095	2067.86	871.898	1000.0	127.672	62.8997	198.844	-25.5523	1200000	9.53674e-09	1712.88	-0.0171787	-293.563	1.99471	0.0148405	0.20625	5.0	1318.6945061683655
300	1969.95	136.31	2140.5	1764.9	1000.0	176.933	21.8771	199.118	22.3708	1204000	3.00407e-08	2143.47	-0.00836216	-189.014	1.94353	0.0213533	0.31575	3.0	1323.8214049339294
301	1331.83	296.928	1549.73	825.835	1000.0	124.306	60.5455	200.837	24.9256	1208000	-9.53674e-09	1134.49	-0.0262963	-169.391	2.00993	0.0170827	0.27525	9.0	1328.2353177070618
302	1781.3	457.87	2078.21	989.127	1000.0	156.522	53.0287	199.845	30.4458	1212000	1.0252e-08	1732.53	-0.0245226	-189.811	1.94951	0.0156524	0.2495	9.0	1331.2918548583984
303	1477.49	422.3	2131.34	1034.16	1000.0	128.985	68.3483	202.52	-10.2542	1216000	7.39098e-09	1188.55	-0.0218235	-131.653	1.93496	0.0171442	0.25075	8.0	1336.3193528652191
304	1656.78	360.441	2110.94	1106.16	1000.0	155.136	58.259	202.994	21.1351	1220000	7.86781e-09	1662.68	-0.0292161	-180.738	1.94735	0.0171701	0.2775	11.0	1340.5689158439636
305	1666.07	322.542	2064.9	1205.51	1000.0	142.052	63.6467	202.387	24.7718	1224000	3.8147e-09	1099.74	-0.0119995	-175.093	1.92214	0.0171714	0.23575	3.0	1344.4596276283264
306	1456.95	348.213	1902.09	1072.43	1000.0	140.467	66.6089	204.567	24.6898	1228000	5.96046e-10	1712.94	-0.0135458	-549.568	1.89271	0.0186856	0.26	4.0	1349.0941984653473
307	1861.75	97.8603	1960.8	1752.76	1000.0	154.535	36.03	191.193	25.8453	1232000	-1.83582e-08	1988.15	-0.0137393	-629.449	1.94273	0.0159612	0.2685	4.0	1352.7763891220093
308	1710.76	456.12	2267.47	1151.03	1000.0	148.512	66.0586	203.785	12.5254	1236000	3.19481e-08	1904.22	-0.0140542	-219.555	1.92636	0.0164011	0.21425	4.0	1356.974663734436
309	1838.6	625.486	2221.69	755.518	1000.0	163.85	56.8301	203.801	-8.77421	1240000	2.6226e-09	2176.86	-0.0100847	-173.749	1.94322	0.0198704	0.296	3.0	1361.5497212409973
310	2006.22	133.933	2141.81	1789.66	1000.0	189.486	28.213	208.056	21.9932	1244000	-3.19481e-08	1843.5	-0.0170811	-192.894	1.91107	0.0166078	0.21875	6.0	1368.416056394577
311	1581.93	513.05	2085.67	793.357	1000.0	130.875	70.4255	205.046	-16.303	1248000	2.38419e-10	2823.59	-0.0198373	-928.463	1.83707	0.0156512	0.24525	6.0	1372.5196342468262
312	1988.24	178.429	2192.46	1711.58	1000.0	177.661	29.3025	204.687	54.7065	1252000	-3.92199e-08	1972.61	-0.0152067	-221.681	1.88325	0.0168232	0.22675	5.0	1377.3234791755676
313	1921.51	168.044	2175.48	1724.27	1000.0	182.414	33.1592	207.681	-13.9311	1256000	1.62125e-08	2238.08	-0.00975902	-254.836	1.86753	0.0209817	0.279	3.0	1382.5162258148193
314	1582.22	421.813	2084.35	1041.6	1000.0	149.538	60.186	205.234	-19.2758	1260000	-2.6226e-09	2151.32	-0.0115922	-527.065	1.93711	0.0182894	0.234	3.0	1385.6499710083008
315	1900.8	318.372	2214.43	1374.88	1000.0	165.406	44.4307	205.496	-2.7595	1264000	-2.38419e-09	2084.48	-0.0118293	-281.054	1.87666	0.0193622	0.214	4.0	1390.6167600154877
316	1557.06	478.487	2115.18	1050.22	1000.0	144.453	61.6666	207.821	17.8199	1268000	-6.19888e-09	1335.51	-0.00955527	-173.774	1.89677	0.0216922	0.275	3.0	1394.7141606807709
317	2032.29	125.519	2206.33	1861.38	1000.0	180.441	8.41527	201.897	110.14	1272000	2.3365e-08	1926.89	-0.0298165	-173.991	1.87397	0.0162513	0.30675	14.0	1399.3025777339935
