Epoch	AverageEpRet	StdEpRet	MaxEpRet	MinEpRet	EpLen	AverageVVals	StdVVals	MaxVVals	MinVVals	TotalEnvInteracts	LossPi	LossV	DeltaLossPi	DeltaLossV	Entropy	KL	ClipFrac	StopIter	Time
0	-422.704	110.403	-275.056	-558.688	1000.0	-0.0152811	0.517152	1.49726	-1.64732	4000	7.59959e-09	989.409	-0.0622004	-249.222	5.48748	0.0132866	0.24075	79.0	4.541572093963623
1	-329.019	29.8293	-279.978	-360.675	1000.0	2.09014	7.97126	13.1812	-13.4845	8000	1.62125e-08	293.555	-0.0544975	-74.4691	5.46177	0.00927261	0.196	79.0	8.476465702056885
2	-337.465	56.3928	-262.912	-411.888	1000.0	1.59926	7.84059	12.5178	-12.7753	12000	3.93391e-09	563.903	-0.0181956	-44.1178	5.44817	0.0172267	0.2785	8.0	11.68971872329712
3	-284.411	37.6821	-239.318	-322.413	1000.0	7.87471	6.4779	13.7953	-13.6272	16000	-1.14441e-08	192.865	-0.0138108	-74.4539	5.43854	0.0208438	0.2395	6.0	14.911881923675537
4	-278.099	21.3034	-257.187	-312.732	1000.0	9.85483	2.49954	14.7309	-1.26625	20000	3.33786e-09	198.983	-0.0136088	-19.2755	5.44011	0.0222922	0.191	4.0	18.092111110687256
5	-280.374	44.9702	-208.113	-321.481	1000.0	9.14645	4.37614	14.3488	-12.1507	24000	1.26362e-08	234.412	-0.0571035	-13.8649	5.40606	0.00712213	0.226	79.0	21.999860763549805
6	-252.796	26.7293	-231.881	-297.962	1000.0	9.02747	5.56147	14.4489	-12.6516	28000	-1.62125e-08	158.756	-0.0174298	-6.56831	5.37715	0.0182592	0.29125	7.0	25.24918556213379
7	-218.379	28.4529	-192.357	-263.644	1000.0	10.6145	3.42754	14.5837	-12.6751	32000	-1.43051e-08	130.654	-0.013959	-32.1824	5.37868	0.0213352	0.26025	6.0	28.51512312889099
8	-233.378	45.6112	-160.413	-281.313	1000.0	11.6732	2.0965	16.3087	-3.02049	36000	-2.86102e-09	170.044	-0.0147492	-46.878	5.39963	0.0228081	0.30225	6.0	31.773136615753174
9	-194.364	44.6653	-133.187	-257.01	1000.0	11.4628	4.51557	15.2505	-14.7133	40000	2.67029e-08	181.101	-0.015607	-54.0206	5.36028	0.0155753	0.2845	8.0	35.030407667160034
10	-180.548	19.7312	-155.89	-203.047	1000.0	12.5752	2.18385	17.5291	2.06209	44000	2.6226e-09	91.1749	-0.0138954	-4.62206	5.36221	0.0208246	0.28025	6.0	38.5382285118103
11	-146.708	19.2426	-119.347	-171.042	1000.0	13.1925	2.64844	19.2943	0.256287	48000	-4.64916e-09	121.914	-0.0126609	-20.0724	5.35607	0.0188548	0.26725	5.0	41.744993448257446
12	-136.628	31.6956	-94.8257	-172.62	1000.0	17.0368	3.40659	23.3182	3.43811	52000	3.05176e-08	158.737	-0.0125751	-36.1434	5.2625	0.0209832	0.259	5.0	44.95917725563049
13	-132.143	41.9434	-69.308	-180.452	1000.0	20.0643	2.25622	22.4021	-7.07454	56000	-1.09076e-08	180.009	-0.0126243	-10.3813	5.33439	0.0216107	0.27075	5.0	48.16143274307251
14	-68.2561	10.3566	-56.4376	-79.6447	1000.0	19.4772	2.3559	22.3175	-6.1586	60000	-1.94311e-08	128.698	-0.0111768	-44.5937	5.28137	0.0192616	0.23975	5.0	51.374977350234985
15	-61.8047	20.7217	-27.9135	-79.278	1000.0	25.7982	1.56756	27.2966	9.74654	64000	-1.41859e-08	111.361	-0.0120745	-3.99094	5.33465	0.0228692	0.28825	5.0	54.61263561248779
16	-12.2323	36.5028	29.3396	-64.3222	1000.0	25.3839	1.96036	27.7464	9.81942	68000	9.65595e-09	216.435	-0.010316	-36.8761	5.29539	0.0226261	0.28475	5.0	57.8338258266449
17	15.7536	34.1295	69.9913	-24.4774	1000.0	31.1755	2.22762	32.9788	13.5112	72000	3.8147e-09	176.361	-0.0132957	-8.33267	5.24477	0.0203245	0.301	5.0	61.03348660469055
18	66.0768	49.4263	124.13	14.3218	1000.0	31.5054	2.87149	35.0891	11.523	76000	1.29938e-08	286.038	-0.0120213	-44.1496	5.28324	0.022464	0.29275	5.0	64.24855780601501
19	70.5512	69.065	116.654	-48.7639	1000.0	37.2381	3.28255	40.0207	2.03741	80000	-2.07424e-08	416.213	-0.0167749	-112.94	5.23246	0.0153412	0.2125	8.0	67.48406171798706
20	85.9398	42.939	137.678	41.2169	1000.0	36.6369	10.3607	41.2967	-35.239	84000	1.90735e-09	209.511	-0.01017	-39.2303	5.23443	0.019894	0.2355	4.0	72.38153457641602
21	114.91	59.1318	216.424	70.1974	1000.0	35.4661	7.54574	40.7931	-10.4483	88000	-1.45435e-08	305.779	-0.0106526	-39.8055	5.25595	0.020845	0.291	4.0	76.74065279960632
22	186.938	24.0446	208.528	147.618	1000.0	40.6774	4.75332	44.5214	-5.02315	92000	1.33514e-08	305.347	-0.0117273	-52.4401	5.21873	0.0151882	0.288	6.0	79.97341275215149
23	219.071	37.6736	262.387	160.122	1000.0	44.533	3.13749	48.6329	29.6367	96000	2.26498e-08	270.556	-0.0106286	-12.2499	5.20771	0.0204956	0.26575	4.0	83.17483282089233
24	258.112	29.7039	300.003	227.369	1000.0	45.9316	3.48058	51.1327	26.287	100000	8.22544e-09	366.566	-0.00882859	-36.8876	5.17904	0.0204022	0.26675	4.0	86.37955069541931
25	326.565	36.9565	379.733	287.549	1000.0	50.3673	4.5595	54.2593	-0.846388	104000	2.25902e-08	292.766	-0.0464187	-40.9804	5.21087	0.00870792	0.24225	79.0	90.33756065368652
26	301.517	44.1457	356.835	233.43	1000.0	55.206	2.90599	57.8038	35.2074	108000	-1.57356e-08	260.418	-0.0165064	-39.4605	5.13668	0.0150416	0.209	7.0	94.91599345207214
27	311.379	50.8109	373.814	232.502	1000.0	49.3129	4.77662	54.9565	8.49966	112000	-1.68085e-08	355.731	-0.0146107	-66.1588	5.18089	0.0221423	0.22075	6.0	98.14521074295044
28	303.539	36.9489	336.647	246.657	1000.0	49.2167	10.2678	55.5719	-1.41907	116000	1.81198e-08	258.544	-0.0155797	-26.1991	5.1188	0.0162736	0.2275	10.0	102.71132898330688
29	326.89	19.1	356.893	303.848	1000.0	47.3695	6.9206	54.2761	2.20954	120000	-4.76837e-09	235.712	-0.0130843	-24.9611	5.17946	0.0160582	0.23475	6.0	105.95113778114319
30	335.534	23.4141	374.259	312.643	1000.0	46.5236	4.30873	53.5784	24.0351	124000	9.53674e-10	248.891	-0.0141566	-30.233	5.10643	0.0208643	0.2495	5.0	109.50601196289062
31	371.843	21.8311	406.955	346.963	1000.0	46.6734	6.49161	54.3082	-2.35911	128000	1.07288e-08	293.205	-0.0205432	-24.977	5.1278	0.015814	0.20275	15.0	113.79009890556335
32	376.904	29.2721	419.72	339.183	1000.0	47.7129	6.01588	55.147	15.7446	132000	-2.38419e-09	233.766	-0.0200103	-25.6965	5.09887	0.0158761	0.22175	12.0	118.23258638381958
33	428.043	25.6384	468.226	398.844	1000.0	49.0071	6.03387	55.1906	4.49119	136000	-4.28557e-08	323.906	-0.0476428	-36.9995	5.02531	0.00963673	0.22125	79.0	122.17923831939697
34	446.008	33.5092	478.106	395.647	1000.0	49.0565	4.99223	56.8626	22.3753	140000	2.38419e-08	229.492	-0.0130097	-21.3639	4.97227	0.0168951	0.19575	5.0	126.74646425247192
35	436.776	51.7092	502.776	367.17	1000.0	50.4581	5.39791	56.7706	16.5727	144000	-4.82798e-09	258.355	-0.0101501	-21.6608	5.02865	0.0174934	0.25825	4.0	129.92813420295715
36	447.844	28.7976	490.54	412.405	1000.0	48.0445	6.22046	56.6615	11.186	148000	1.50204e-08	252.494	-0.0110432	-31.9192	4.92893	0.0191762	0.25575	5.0	133.14310479164124
37	461.102	42.7686	528.314	423.076	1000.0	48.8015	7.73893	57.1422	-2.10446	152000	-3.33786e-09	211.624	-0.00740649	-19.5139	4.94928	0.0177219	0.241	4.0	137.50332307815552
38	529.722	22.4732	566.567	505.634	1000.0	48.3895	4.70412	56.4082	12.724	156000	-3.8147e-09	202.931	-0.00769064	-30.0788	4.89659	0.0195724	0.28475	4.0	141.68073725700378
39	500.308	49.9964	536.09	414.105	1000.0	52.1967	3.41588	58.4571	24.6928	160000	-1.74046e-08	220.265	-0.0172585	-40.9093	4.8869	0.0164755	0.19675	12.0	144.9793620109558
40	495.743	20.4032	529.344	476.346	1000.0	48.102	5.91689	56.2963	5.72011	164000	2.26498e-09	199.843	-0.013645	-16.403	4.93486	0.0147611	0.2085	7.0	148.54667377471924
41	503.293	53.8911	573.254	424.228	1000.0	46.0351	5.60911	55.0946	10.2712	168000	-1.90735e-09	257.394	-0.0140168	-63.0566	4.91665	0.0175227	0.23875	7.0	153.070415019989
42	527.351	21.671	542.246	489.961	1000.0	49.0398	8.44984	57.1279	-7.57871	172000	1.28746e-08	224.488	-0.0191037	-30.0153	4.92336	0.0158044	0.226	14.0	157.62456917762756
43	588.396	48.8791	633.187	507.106	1000.0	47.3265	4.84078	55.7656	20.4889	176000	-1.54972e-09	265.971	-0.0189189	-34.7764	4.8603	0.0178669	0.19825	13.0	160.92396116256714
44	537.163	23.8592	559.031	499.589	1000.0	51.853	6.47269	58.6131	14.5609	180000	1.52588e-08	285.468	-0.0305498	-64.7602	4.83081	0.0159929	0.159	38.0	165.7310881614685
45	589.279	23.2622	626.346	568.653	1000.0	47.5432	8.22617	56.2335	-7.47889	184000	1.21593e-08	215.788	-0.0112256	-41.6497	4.83786	0.0182135	0.2365	5.0	168.9450249671936
46	645.24	27.7076	685.088	617.164	1000.0	49.5739	3.35347	56.4444	25.0681	188000	-7.15256e-10	226.573	-0.0120064	-28.8145	4.82947	0.0143733	0.1665	6.0	173.45949578285217
47	676.373	46.9378	740.093	622.446	1000.0	53.6035	5.10387	59.4035	16.4811	192000	1.70469e-08	267.147	-0.0192607	-12.3838	4.80527	0.0167118	0.27175	15.0	176.76204442977905
48	621.809	29.9553	654.212	573.726	1000.0	54.8471	4.13422	60.939	21.2696	196000	1.62125e-08	179.356	-0.0157329	-48.856	4.8336	0.0153822	0.19575	11.0	181.2472207546234
49	539.189	150.773	707.354	363.446	1000.0	46.5009	6.41477	54.6894	11.2653	200000	1.89543e-08	822.312	-0.0110377	-486.644	4.85775	0.0160669	0.19475	5.0	185.3443636894226
50	638.446	65.5494	679.434	525.01	1000.0	47.6393	16.4903	57.5561	-52.3687	204000	-1.23978e-08	252.5	-0.0225045	-82.2106	4.79532	0.015924	0.24475	17.0	189.04568219184875
51	635.189	70.827	691.128	517.763	1000.0	48.6734	10.2409	57.5058	-24.1969	208000	9.05991e-09	203.764	-0.0152665	-11.3756	4.78448	0.0163465	0.1885	8.0	193.55119061470032
52	667.737	50.0469	740.185	615.541	1000.0	47.9244	8.29399	55.6372	-14.6037	212000	2.86102e-09	213.568	-0.00720651	-18.7758	4.75483	0.0182243	0.256	4.0	196.73879957199097
53	678.542	33.5754	716.344	644.066	1000.0	49.3365	5.41144	56.0137	-2.33543	216000	1.0252e-08	180.002	-0.0172068	-12.8293	4.75374	0.0162529	0.20825	13.0	200.02557134628296
54	662.918	56.9302	715.867	567.319	1000.0	48.4681	7.92561	55.6068	-19.7025	220000	-3.57628e-08	288.443	-0.0104971	-41.8874	4.79752	0.0191601	0.2435	4.0	204.3857560157776
55	665.301	84.025	770.525	536.37	1000.0	47.8061	11.6335	56.8315	-39.0679	224000	-1.00136e-08	196.057	-0.0148623	-17.6688	4.74061	0.0160034	0.18625	9.0	208.60650062561035
56	632.908	98.8471	737.185	482.787	1000.0	45.4952	14.2803	54.9875	-43.0111	228000	-7.51019e-09	304.386	-0.0181068	-49.3458	4.74937	0.015416	0.21475	7.0	212.6461808681488
57	715.11	14.3564	739.297	703.502	1000.0	44.5504	10.5196	54.3074	-30.147	232000	-6.55651e-09	270.233	-0.00804539	-53.1062	4.793	0.0160442	0.2355	5.0	217.209237575531
58	670.209	78.5053	762.45	546.95	1000.0	47.3905	8.5055	56.2851	-28.3498	236000	-4.76837e-08	227.845	-0.0113867	-63.147	4.76712	0.0175388	0.159	6.0	220.43520879745483
59	727.381	23.1875	757.811	704.413	1000.0	46.2639	7.70613	53.5003	-23.3986	240000	2.38419e-09	200.108	-0.0226733	-27.9666	4.7463	0.0154194	0.2125	17.0	225.03088068962097
60	643.813	70.3824	710.937	525.613	1000.0	45.2492	7.68809	53.4988	0.542663	244000	3.21865e-08	252.743	-0.0449777	-65.4531	4.75446	0.0129252	0.2055	79.0	229.3189823627472
61	748.542	25.4219	780.539	714.418	1000.0	43.5116	6.68041	51.8286	-9.60198	248000	-6.91414e-09	200.067	-0.0412178	-24.9719	4.73677	0.00876956	0.19675	79.0	234.59396266937256
62	730.156	68.2241	810.704	621.858	1000.0	46.6588	6.78096	53.3465	3.17158	252000	1.07288e-08	163.087	-0.00848145	-8.39153	4.69713	0.021233	0.22825	4.0	239.1046531200409
63	769.978	51.8227	857.218	727.992	1000.0	45.4591	6.3638	52.3789	-29.2142	256000	-7.15256e-10	242.96	-0.009826	-29.8664	4.70764	0.0177614	0.22125	4.0	243.58717966079712
64	783.761	46.0678	819.685	706.839	1000.0	49.3918	6.8583	56.2575	-5.1376	260000	-2.86102e-09	188.629	-0.0194408	-19.3851	4.72234	0.0153868	0.23775	17.0	246.93481969833374
65	817.239	21.8018	854.391	798.989	1000.0	48.0905	3.75458	54.3429	14.5443	264000	-6.91414e-09	176.589	-0.00886256	-7.18864	4.65376	0.0156386	0.20925	5.0	251.44418716430664
66	722.646	92.3054	828.457	607.199	1000.0	48.7797	6.18609	55.7181	9.93432	268000	-4.79221e-08	371.01	-0.0104337	-175.895	4.62802	0.0199676	0.2255	5.0	254.666494846344
67	792.78	20.1003	819.497	772.752	1000.0	44.9392	11.4617	53.2938	-28.5678	272000	-2.6226e-08	236.126	-0.00744733	-66.2597	4.65877	0.0211231	0.2865	4.0	259.0226399898529
68	815.971	58.1761	907.539	754.249	1000.0	46.7468	4.57145	54.2332	12.6701	276000	7.86781e-09	165.583	-0.0130398	-8.93291	4.62069	0.017143	0.258	5.0	263.2140748500824
69	824.111	24.4294	858.051	789.23	1000.0	47.9996	5.18586	55.9189	6.81931	280000	-9.05991e-09	170.241	-0.0405834	-9.53212	4.6792	0.0121854	0.2465	79.0	267.1664023399353
70	798.082	31.6547	845.417	756.225	1000.0	46.5816	4.44283	54.5639	13.3839	284000	-1.35899e-08	156.777	-0.0114279	-13.9343	4.55055	0.015302	0.27625	5.0	272.04034876823425
71	841.025	52.4908	929.939	798.916	1000.0	45.7277	6.28834	52.632	-8.465	288000	-7.39098e-09	198.31	-0.0453153	-10.4933	4.5633	0.00923171	0.23525	79.0	275.97468852996826
72	869.851	53.3496	924.626	781.436	1000.0	47.6486	5.94796	54.0308	6.73642	292000	-1.71661e-08	169.424	-0.0193847	-9.836	4.45792	0.0165111	0.226	12.0	281.02096009254456
73	874.881	51.5232	934.718	821.699	1000.0	49.7558	6.09725	55.8146	1.61391	296000	4.76837e-09	184.658	-0.016707	-6.42131	4.38419	0.0158797	0.22325	10.0	284.3071217536926
74	860.265	43.1634	916.425	805.694	1000.0	48.8601	5.23911	54.9529	-6.78681	300000	2.52724e-08	205.181	-0.00914628	-24.2516	4.39916	0.0236667	0.2875	4.0	288.8103313446045
75	873.871	27.274	899.651	831.613	1000.0	45.6824	4.11342	54.0392	16.7011	304000	-2.21729e-08	142.593	-0.0138062	-7.79002	4.41582	0.0171045	0.22125	7.0	293.0509958267212
76	855.622	72.3712	956.117	782.795	1000.0	45.9474	5.16216	53.23	1.87557	308000	-5.96046e-09	197.738	-0.0444607	-31.0868	4.39543	0.0136885	0.2445	79.0	298.6530239582062
77	861.158	11.6812	873.944	843.258	1000.0	46.4475	8.39097	54.1291	-14.3663	312000	2.16961e-08	175.69	-0.0169623	-7.97029	4.34769	0.0161496	0.2295	11.0	304.74318170547485
78	876.164	46.8002	923.849	815.474	1000.0	45.4756	8.0291	53.7597	-7.75113	316000	-2.03848e-08	188.847	-0.0201498	-11.773	4.36023	0.0160963	0.215	12.0	310.6547372341156
79	907.257	25.8437	933.423	866.091	1000.0	47.2254	7.145	54.9179	-13.5759	320000	1.43051e-08	190.048	-0.00835083	-19.2421	4.34554	0.0178817	0.20775	4.0	314.8020203113556
80	913.83	45.5674	968.35	845.646	1000.0	46.6326	4.61295	54.4399	11.9912	324000	1.12057e-08	125.968	-0.0162212	-6.19807	4.38722	0.0158188	0.19825	11.0	318.4360694885254
81	951.578	24.9278	986.596	916.697	1000.0	46.423	4.82463	53.6644	6.43721	328000	-1.83582e-08	168.272	-0.0365347	-12.2927	4.35416	0.00867245	0.2235	79.0	322.3223886489868
82	905.516	19.5934	923.85	876.651	1000.0	48.794	3.74451	56.4091	17.3514	332000	3.09944e-09	168.969	-0.0106292	-24.6365	4.29329	0.0142621	0.19675	4.0	327.19714617729187
83	920.187	82.5739	989.93	779.35	1000.0	44.5164	4.50616	52.8819	-4.55242	336000	1.51396e-08	200.152	-0.0151964	-11.4478	4.27833	0.0166807	0.22025	7.0	330.4304814338684
84	923.753	22.8544	956.751	892.479	1000.0	44.3571	5.04509	54.5028	2.25026	340000	-1.44243e-08	150.617	-0.00937823	-8.01076	4.27517	0.0153711	0.22425	4.0	333.5933358669281
85	940.106	13.9128	959.6	924.849	1000.0	44.3679	3.76666	52.7382	14.708	344000	1.12057e-08	145.755	-0.0211304	-6.8759	4.29612	0.0158548	0.186	23.0	338.2305450439453
86	998.716	58.7438	1064.29	911.742	1000.0	45.0337	3.67894	51.2295	19.6538	348000	3.09944e-09	213.284	-0.0150135	-32.6927	4.17943	0.0168876	0.15675	12.0	342.81002831459045
87	805.955	263.03	979.745	350.992	1000.0	46.2938	11.3794	56.3311	-6.38041	352000	3.18289e-08	1048.6	-0.0245816	-659.163	4.21211	0.0155012	0.21225	15.0	346.08606028556824
88	969.276	36.9732	996.369	906.567	1000.0	45.5363	15.195	56.3417	-54.0524	356000	-7.62939e-09	349.987	-0.0131815	-166.667	4.21453	0.0156895	0.22175	6.0	350.67101860046387
89	958.983	41.337	1026.81	916.354	1000.0	45.5942	4.68345	54.1898	-4.74754	360000	2.40803e-08	152.821	-0.00939679	-9.15382	4.16234	0.0168074	0.1975	5.0	355.0565736293793
90	940.962	44.165	979.592	868.201	1000.0	43.9997	4.49374	51.6816	-15.9536	364000	4.05312e-09	205.575	-0.00700897	-21.7215	4.19967	0.020562	0.23275	4.0	358.66202664375305
91	986.288	23.7141	1015.87	950.375	1000.0	43.1607	6.43597	52.4293	1.76222	368000	-1.62125e-08	156.281	-0.0387641	-15.9404	4.16301	0.0102712	0.21475	79.0	363.8427166938782
92	1003.25	37.083	1055.04	958.95	1000.0	46.1192	5.49113	53.8469	-10.5246	372000	-1.90735e-09	132.306	-0.0195202	-4.75056	4.13339	0.0153377	0.15825	16.0	368.3218171596527
93	994.383	27.3083	1020.41	954.781	1000.0	46.3781	3.59212	52.3778	14.1843	376000	1.40667e-08	134.309	-0.0152006	-5.24582	4.09788	0.0162192	0.1825	12.0	371.5680499076843
94	997.171	28.2276	1027.78	963.458	1000.0	44.9692	4.33586	50.2063	12.2419	380000	-1.66893e-08	124.232	-0.0088924	-3.09071	4.07184	0.0182812	0.25	4.0	376.06111454963684
95	988.241	11.139	1007.26	979.175	1000.0	44.8395	3.59807	50.0229	16.7357	384000	1.57356e-08	119.522	-0.00760713	-6.4972	4.05088	0.0181675	0.27175	4.0	379.23332500457764
96	1000.75	25.8743	1034.47	961.732	1000.0	43.0295	4.30685	48.664	1.62549	388000	1.44243e-08	161.86	-0.0377365	-5.4113	4.03666	0.0141272	0.20525	79.0	383.14396691322327
97	984.816	23.0974	1015.35	951.852	1000.0	43.7927	4.71617	50.9688	8.05662	392000	7.15256e-09	134.401	-0.0165293	-5.69812	4.06482	0.0182683	0.229	11.0	388.09222626686096
98	978.974	74.0569	1100.01	900.172	1000.0	42.5296	5.19073	49.0361	2.35911	396000	1.38283e-08	151.175	-0.00860682	-6.43251	4.02595	0.0159554	0.2335	4.0	391.2855336666107
99	954.661	7.45668	964.756	944.4	1000.0	41.0918	5.0459	48.886	-15.2035	400000	1.33514e-08	128.204	-0.00819372	-8.93791	3.98389	0.0178494	0.206	3.0	396.19550943374634
100	967.834	67.5156	1068.67	894.228	1000.0	38.7788	6.27463	46.9461	-14.9835	404000	9.77516e-09	161.347	-0.00997515	-20.6982	4.02329	0.0186181	0.2055	4.0	399.8119945526123
101	963.495	11.532	978.553	946.383	1000.0	41.5609	6.08503	48.3075	-3.24189	408000	-1.43051e-08	113.458	-0.0140385	-23.7509	4.00239	0.0166886	0.23025	7.0	404.2942900657654
102	977.444	35.6077	1033.28	934.175	1000.0	37.6666	4.9696	44.6384	-4.29379	412000	-1.21593e-08	110.264	-0.00667215	-5.62276	4.05059	0.0214633	0.25275	4.0	407.46402406692505
103	1035.06	25.9319	1075.96	1004.14	1000.0	39.7338	3.25506	46.3786	11.1885	416000	-1.96695e-08	160.156	-0.00903998	-11.4223	4.00622	0.0151632	0.2205	5.0	411.7027826309204
104	994.824	62.0889	1060.08	899.433	1000.0	41.6206	4.87955	50.2252	2.49826	420000	1.66893e-09	165.943	-0.0111556	-20.8647	3.97442	0.0164992	0.24925	5.0	415.9581763744354
105	981.705	36.8206	1031.07	944.597	1000.0	42.2155	5.54056	51.4371	1.28223	424000	1.15633e-08	145.614	-0.0386491	-24.825	3.98811	0.00621825	0.20775	79.0	419.85504841804504
106	977.344	63.63	1076.42	905.165	1000.0	37.3447	6.22044	47.5279	-15.5152	428000	-1.95503e-08	158.585	-0.0303051	-10.6881	3.96113	0.0150769	0.19025	33.0	424.6326816082001
107	976.255	26.1137	1015.18	943.069	1000.0	37.9126	7.84974	47.3947	-7.92168	432000	-1.85966e-08	111.117	-0.0104737	-8.45272	3.95381	0.0153113	0.188	5.0	427.8178882598877
108	1019.35	45.5805	1087.23	961.393	1000.0	38.5749	5.12312	45.6948	3.73054	436000	1.5974e-08	127.877	-0.0200694	-10.7289	4.03757	0.0154528	0.227	14.0	432.3172311782837
109	1006.19	26.383	1040.3	972.873	1000.0	40.2168	6.26446	48.7221	1.38741	440000	1.52588e-08	110.882	-0.0169639	-14.5506	4.00408	0.0168056	0.20825	15.0	436.49500799179077
110	1033.84	48.5058	1085.34	955.145	1000.0	38.2057	4.37725	44.7483	2.14943	444000	1.93119e-08	164.191	-0.0373787	-10.7169	4.01682	0.0138665	0.20725	79.0	440.8643078804016
111	1030.35	15.3406	1054.26	1011.49	1000.0	40.3972	4.45063	47.7315	8.86959	448000	8.58307e-09	96.7364	-0.0143893	-5.14887	3.9076	0.0158901	0.212	10.0	445.4349937438965
112	1009.75	38.486	1046.76	945.36	1000.0	39.5643	4.54225	46.506	8.36518	452000	-1.69277e-08	116.527	-0.0380881	-8.80264	3.87714	0.0104346	0.222	79.0	449.3443818092346
113	1041.35	76.7575	1133.43	925.44	1000.0	37.5642	3.79954	44.4569	1.47074	456000	-1.23978e-08	158.767	-0.0379919	-7.76825	3.86206	0.0103099	0.20625	79.0	455.0301995277405
114	1025.65	18.1343	1050.84	1001.62	1000.0	38.6571	4.7965	48.3828	-4.02564	460000	1.81198e-08	120.421	-0.0170001	-6.02533	3.90374	0.0168892	0.19775	10.0	459.43894147872925
115	1027.25	63.3394	1100.97	935.214	1000.0	37.5138	4.5595	45.5079	-0.514666	464000	-3.79086e-08	130.577	-0.0102473	-8.18491	3.92962	0.0200938	0.2565	4.0	462.6061706542969
116	1047.41	26.2047	1091.6	1022.96	1000.0	38.5993	4.32208	45.71	2.62723	468000	-9.77516e-09	85.6648	-0.0388942	-4.05989	3.90843	0.0127136	0.21325	79.0	468.32703828811646
117	1040.37	21.6099	1068.58	1012.21	1000.0	38.0147	5.31587	44.9315	-1.5398	472000	-8.10623e-09	101.067	-0.00988954	-5.96056	3.90658	0.0161715	0.2205	4.0	472.6403181552887
118	999.992	38.7714	1062.8	963.156	1000.0	38.8582	5.88425	44.5199	-3.74603	476000	-7.86781e-09	142.604	-0.0192114	-18.4757	3.87289	0.016016	0.22875	14.0	475.9203588962555
119	1043.36	38.767	1104.03	1000.36	1000.0	36.1904	4.75343	43.4053	-2.53741	480000	-1.74046e-08	150.28	-0.0187706	-9.93608	3.79782	0.0155734	0.203	12.0	480.46565794944763
120	1063.79	36.0742	1112.25	1020.29	1000.0	36.9393	4.03295	45.2989	2.5111	484000	1.0252e-08	131.414	-0.0363594	-6.16565	3.81386	0.00929983	0.2185	79.0	484.8668632507324
121	1069.06	16.394	1086.54	1046.85	1000.0	37.6279	4.18655	45.6085	1.85104	488000	2.67029e-08	124.123	-0.0405534	-8.49988	3.76426	0.0129965	0.21975	79.0	490.0404541492462
122	1023.14	33.4314	1080.47	998.779	1000.0	38.5668	5.73802	45.9899	-10.0523	492000	-2.7895e-08	117.164	-0.0423216	-16.067	3.75816	0.0121115	0.215	79.0	495.2211663722992
123	1048.89	44.9476	1117.74	998.61	1000.0	35.3834	4.89399	43.7803	1.83045	496000	1.78814e-09	116.531	-0.0397376	-6.1758	3.71506	0.0138005	0.23	79.0	500.4371910095215
124	1065.34	15.7459	1078.56	1038.48	1000.0	36.3463	4.50672	45.5309	5.87943	500000	1.5378e-08	171.58	-0.0115451	-13.2141	3.66193	0.0150614	0.199	5.0	503.6011960506439
125	1090.58	34.4406	1123.36	1036.16	1000.0	38.0233	4.78962	48.0177	9.57733	504000	2.90871e-08	123.353	-0.0100712	-8.55829	3.69336	0.0163263	0.173	5.0	507.806396484375
126	1077.91	60.329	1130.97	981.012	1000.0	37.8284	4.67277	45.4316	-4.14094	508000	9.77516e-09	128.535	-0.00801305	-12.0344	3.64029	0.0213985	0.2265	3.0	512.0786619186401
127	1083.72	13.4983	1095.96	1060.87	1000.0	38.3834	4.19357	46.4881	0.84093	512000	-1.57356e-08	131.418	-0.00938783	-7.66043	3.65135	0.0147741	0.232	4.0	515.257749080658
128	1085.04	18.9624	1112.59	1065.03	1000.0	37.9252	5.44531	46.0375	-5.10131	516000	2.28882e-08	111.407	-0.00783183	-5.66389	3.62351	0.0236334	0.2865	3.0	519.7081577777863
129	1093.71	21.0846	1122.5	1067.99	1000.0	37.7144	3.81049	45.2456	9.79602	520000	1.84774e-08	109.887	-0.00607379	-4.85272	3.62878	0.0132324	0.188	3.0	522.8543434143066
130	1079.7	38.5668	1125.41	1019.93	1000.0	37.0296	3.48508	44.0147	8.25233	524000	1.09673e-08	128.947	-0.00826632	-7.80095	3.63771	0.018755	0.24325	4.0	526.5274336338043
131	1090.36	35.5959	1128.12	1035.73	1000.0	35.9943	4.38644	44.2008	7.1134	528000	1.78814e-08	90.564	-0.0110349	-8.28979	3.64806	0.0166538	0.18025	7.0	531.0381526947021
132	1105.49	37.1706	1152.48	1058.92	1000.0	37.2922	4.02432	42.3734	5.89682	532000	-1.50204e-08	91.0891	-0.0411297	-4.20546	3.65094	0.00783854	0.244	79.0	534.939211845398
133	1079.44	21.9397	1107.48	1045.93	1000.0	37.4944	3.36766	43.789	12.5261	536000	-2.47955e-08	101.737	-0.035646	-9.52573	3.6394	0.0140053	0.1995	79.0	540.9744846820831
134	1109.53	36.2474	1162.12	1060.86	1000.0	35.333	3.48831	41.7307	11.9752	540000	-2.02656e-08	111.508	-0.0167368	-8.38296	3.53664	0.0163267	0.17175	9.0	545.4036724567413
135	1122.55	14.7037	1146.77	1107.06	1000.0	37.1783	3.71886	43.4758	8.837	544000	-3.71933e-08	108.613	-0.0101272	-5.64462	3.58392	0.0166179	0.236	4.0	548.566727399826
136	1093.22	59.3255	1154.32	1002.65	1000.0	37.7501	4.62526	44.6366	-0.764986	548000	-1.80006e-08	134.968	-0.039559	-14.3314	3.56852	0.0108404	0.2165	79.0	553.7221438884735
137	1089.04	47.3268	1142.46	1019.43	1000.0	35.8961	4.66903	44.3679	4.99051	552000	2.90871e-08	90.7959	-0.0443412	-9.35217	3.4439	0.0120035	0.23775	79.0	558.9156732559204
138	1127.73	40.4416	1188.99	1077.2	1000.0	34.727	4.82465	41.5603	-16.5349	556000	-3.43323e-08	100.863	-0.0108383	-15.8822	3.4418	0.0141056	0.252	4.0	562.0891485214233
139	1162.05	34.6941	1196.76	1113.27	1000.0	38.3956	4.22185	43.2045	5.05764	560000	-7.98702e-09	110.697	-0.0119117	-7.14281	3.40629	0.0171616	0.22	5.0	566.6021640300751
140	1135.92	52.3354	1194.1	1057.45	1000.0	39.3087	3.12291	46.0608	13.8386	564000	2.16961e-08	116.9	-0.0395871	-9.46236	3.3944	0.0110976	0.23525	79.0	571.6294949054718
141	1167.93	43.8191	1241.18	1126.26	1000.0	37.0983	3.44726	44.3468	3.65792	568000	1.74046e-08	148.179	-0.0148525	-10.3415	3.36557	0.0145127	0.18675	10.0	575.9596633911133
142	1114.65	22.4403	1147.63	1084.31	1000.0	38.1374	3.72827	45.3605	16.3021	572000	-1.52588e-08	104.291	-0.0331797	-15.1409	3.3661	0.0147628	0.211	48.0	580.8493058681488
143	1134.97	26.856	1175.51	1103.51	1000.0	35.1256	3.25947	42.5761	13.6411	576000	-2.07424e-08	101.068	-0.0173384	-4.56567	3.33946	0.017363	0.19325	10.0	584.0668761730194
144	1138.45	36.3118	1187.8	1091.48	1000.0	36.116	3.85171	44.5818	5.67156	580000	-1.57356e-08	103.622	-0.016978	-4.11127	3.25427	0.0152302	0.20625	11.0	588.5943856239319
145	1143.33	13.2259	1156.52	1121.91	1000.0	36.1695	3.27421	44.156	12.9972	584000	-3.75509e-08	92.512	-0.0419854	-4.7954	3.3109	0.0147469	0.24025	79.0	592.4866619110107
146	1129.82	51.9347	1210.73	1069.1	1000.0	35.5982	3.48252	42.066	9.31393	588000	1.01328e-08	108.269	-0.0178605	-8.60366	3.28856	0.0149022	0.17575	11.0	597.0280544757843
147	1114.06	89.0471	1195.33	969.602	1000.0	35.1246	5.73055	42.9341	-0.432189	592000	-2.98023e-09	128.701	-0.0124489	-24.9938	3.2665	0.0150237	0.18425	5.0	600.211784362793
148	1108.45	46.5904	1179.61	1049.36	1000.0	36.2018	6.37719	43.7667	-18.7704	596000	3.86238e-08	111.921	-0.0204154	-15.0143	3.28756	0.017028	0.273	12.0	604.7380065917969
149	1113.49	28.9543	1149.26	1074.78	1000.0	33.4842	5.0976	43.2474	-12.3434	600000	-8.9407e-09	106.271	-0.0213035	-16.2163	3.22544	0.0161349	0.22525	15.0	608.0116550922394
150	1148.2	35.8241	1185.54	1091.55	1000.0	32.6497	3.21829	40.0815	15.7786	604000	-1.87159e-08	127.358	-0.00833333	-11.6353	3.28068	0.0189131	0.255	3.0	612.8739659786224
151	1163.46	18.5566	1191.16	1139.06	1000.0	35.1199	3.63187	43.99	12.0676	608000	4.52995e-08	105.426	-0.0102024	-7.01292	3.22747	0.0227545	0.236	3.0	616.0337386131287
152	1112.4	37.7232	1160.12	1055.3	1000.0	36.0451	4.58318	44.9947	1.25116	612000	3.88622e-08	113.792	-0.0150677	-17.8122	3.27342	0.0159502	0.19125	10.0	620.3490116596222
153	1159.5	55.7575	1242.86	1090.16	1000.0	32.9628	3.74819	41.0751	6.51668	616000	5.00679e-09	110.28	-0.012026	-10.9901	3.16624	0.0176971	0.1965	7.0	624.5945982933044
154	1113.38	49.4276	1173.89	1048.61	1000.0	34.7587	4.33796	41.3123	2.95957	620000	-5.14984e-08	111.844	-0.0167489	-15.5695	3.23303	0.0180368	0.242	10.0	629.1107828617096
155	1156.46	30.1576	1204.28	1121.91	1000.0	32.1489	3.74589	43.153	1.59968	624000	-2.24113e-08	118.058	-0.0170673	-10.4453	3.20319	0.0148853	0.20925	12.0	632.3817028999329
156	1195.77	41.7375	1261.79	1148.29	1000.0	34.8452	3.56764	43.3429	9.25784	628000	-1.57356e-08	128.257	-0.0404397	-9.66939	3.21956	0.0111941	0.22375	79.0	636.289716720581
157	1136.5	34.7689	1195.3	1107.24	1000.0	36.4667	3.77626	46.2137	9.12825	632000	2.21729e-08	105.0	-0.0148706	-18.5133	3.12803	0.0163605	0.21	9.0	641.2521736621857
158	1139.43	17.2284	1162.75	1114.15	1000.0	32.8404	3.46459	41.0569	8.41337	636000	1.7643e-08	121.241	-0.011336	-6.52115	3.17248	0.0168342	0.213	4.0	644.4304113388062
159	1194.84	30.4523	1237.11	1155.75	1000.0	32.9789	3.9803	43.4013	8.39703	640000	1.19209e-08	110.427	-0.00554643	-18.2419	3.16337	0.0216657	0.327	3.0	648.6699130535126
160	1124.71	35.8701	1165.16	1085.64	1000.0	36.1483	3.89261	44.0967	3.09075	644000	-3.50475e-08	109.487	-0.00999545	-29.5614	3.11664	0.0162578	0.213	4.0	653.4557528495789
161	1145.72	37.0968	1193.36	1095.68	1000.0	31.2661	3.43208	40.6805	8.88992	648000	9.77516e-09	102.239	-0.0179482	-5.86375	3.12818	0.0163936	0.21525	13.0	656.7070298194885
162	1161.37	34.7786	1204.03	1108.14	1000.0	32.5431	3.71871	41.0657	7.62548	652000	-4.76837e-10	76.1935	-0.0390172	-4.08495	3.11267	0.00931368	0.2225	79.0	662.1989653110504
163	1174.36	13.6914	1185.4	1151.0	1000.0	32.921	3.67173	41.03	3.23824	656000	-2.31266e-08	86.7109	-0.0157799	-6.39713	3.05937	0.0201598	0.24125	8.0	666.3159351348877
164	1219.5	51.0945	1282.75	1166.52	1000.0	34.6169	3.42844	41.6549	1.18899	660000	2.6226e-09	146.312	-0.00839584	-12.5604	3.07454	0.0217823	0.23525	3.0	669.4744100570679
165	1161.48	20.71	1182.29	1127.33	1000.0	35.9285	4.62124	45.5259	0.95968	664000	1.33514e-08	107.834	-0.00902463	-15.6566	3.06135	0.0167324	0.2205	4.0	672.6422016620636
166	1158.27	35.2103	1206.92	1121.04	1000.0	32.61	5.12298	42.6556	-6.58401	668000	7.15256e-10	91.7142	-0.00729874	-10.3774	3.12684	0.0178476	0.251	4.0	677.5976810455322
167	1184.87	15.6941	1203.04	1164.3	1000.0	34.1198	4.01799	40.3563	-4.18187	672000	-5.48363e-09	83.8447	-0.0104068	-7.96526	3.11372	0.0175308	0.265	4.0	682.0569486618042
168	1155.81	28.9467	1194.47	1118.22	1000.0	33.2759	3.0673	41.0154	6.57947	676000	4.48227e-08	72.9186	-0.0129279	-8.09918	3.13898	0.0192545	0.20675	8.0	685.2654566764832
169	1182.8	28.815	1217.94	1137.68	1000.0	31.283	2.98296	38.9251	7.93928	680000	3.57628e-10	121.187	-0.00680107	-12.9155	3.07153	0.0242206	0.2385	3.0	689.7584493160248
170	1196.09	46.7815	1261.78	1129.47	1000.0	33.376	4.46096	43.9835	2.87547	684000	-1.23978e-08	110.044	-0.0111929	-11.6803	3.06919	0.0144862	0.22825	4.0	694.7762806415558
171	1192.11	32.4524	1237.23	1159.57	1000.0	34.9035	5.12704	41.991	-7.33595	688000	4.29153e-09	84.3279	-0.00988064	-6.14865	3.07638	0.0198066	0.20575	5.0	697.9579062461853
172	1190.85	21.6147	1223.42	1163.24	1000.0	35.134	3.60462	43.4356	-1.64995	692000	-2.19345e-08	102.015	-0.00714298	-14.2875	3.08236	0.019876	0.2935	3.0	702.0910477638245
173	1189.7	34.2983	1225.58	1137.01	1000.0	32.5787	2.82232	39.6292	13.457	696000	-1.74046e-08	92.696	-0.0129668	-5.21281	3.08333	0.018809	0.27975	7.0	706.4761650562286
174	1189.38	30.8558	1234.36	1150.64	1000.0	32.6971	3.48351	41.1333	2.13397	700000	6.19888e-09	84.8799	-0.00738976	-5.33234	3.09453	0.0217816	0.26225	3.0	709.6430838108063
175	1186.96	36.1763	1215.77	1125.11	1000.0	32.0794	3.80775	42.2683	1.7838	704000	-2.2769e-08	90.9925	-0.0163841	-8.16624	3.00993	0.0175871	0.2035	10.0	714.1570382118225
176	1183.81	41.0138	1253.9	1150.32	1000.0	33.5561	3.84432	41.6056	-2.13925	708000	4.74453e-08	92.2725	-0.00910958	-7.07384	3.06539	0.0151794	0.247	4.0	717.3272063732147
177	1180.13	42.1676	1223.84	1127.86	1000.0	31.998	3.56722	39.2879	-0.597236	712000	-1.40667e-08	101.479	-0.00812927	-6.65173	3.04769	0.0191022	0.22125	5.0	721.6228594779968
178	1203.46	30.0015	1239.54	1157.63	1000.0	31.6635	4.06372	39.2967	0.347849	716000	-2.3365e-08	81.361	-0.0414706	-8.08515	3.07348	0.015247	0.25025	65.0	726.442556142807
179	1217.82	39.2442	1277.35	1177.59	1000.0	33.2277	3.24021	39.6836	5.11025	720000	-5.96046e-09	106.697	-0.0197392	-7.47556	2.97227	0.015563	0.249	14.0	731.042641878128
180	1185.53	44.3431	1259.23	1140.6	1000.0	32.9061	3.28256	41.1353	13.1568	724000	-2.70605e-08	93.2749	-0.0149645	-10.4149	2.96431	0.0202918	0.194	8.0	734.8094477653503
181	1194.27	31.5527	1245.26	1159.13	1000.0	31.8311	3.77445	38.8355	0.460415	728000	-3.8147e-09	63.5466	-0.0395155	-7.56926	2.97371	0.00939157	0.22125	79.0	740.4044630527496
182	1160.07	22.6295	1194.16	1132.56	1000.0	30.8291	2.79059	37.8493	7.50228	732000	1.38283e-08	76.7478	-0.0173324	-8.3746	2.94051	0.0161049	0.19	11.0	744.8844270706177
183	1207.42	22.3054	1241.29	1186.31	1000.0	29.7855	3.46555	36.8183	1.56512	736000	-2.83718e-08	81.877	-0.00850276	-10.181	2.89298	0.0166376	0.1975	4.0	748.0336921215057
184	1221.61	5.15543	1228.58	1215.22	1000.0	32.1456	3.31867	38.573	5.25328	740000	-9.29832e-09	68.1096	-0.0355168	-4.80975	2.99474	0.015153	0.21275	58.0	753.3235778808594
185	1219.49	37.8916	1275.59	1181.7	1000.0	33.2555	3.04008	40.1304	8.82716	744000	-2.38419e-08	72.2823	-0.015923	-4.41305	2.88573	0.0149056	0.202	10.0	757.4523050785065
186	1182.17	40.309	1244.11	1137.27	1000.0	32.2585	2.99649	38.1178	6.09458	748000	8.58307e-09	84.5769	-0.0159599	-8.75671	2.90455	0.019771	0.23975	9.0	760.6605367660522
187	1223.05	32.8515	1246.41	1166.54	1000.0	30.4598	3.4848	36.4318	4.74044	752000	4.24385e-08	92.8753	-0.00749237	-9.81894	2.90199	0.0152926	0.22175	3.0	763.8093152046204
188	1188.99	27.9581	1221.88	1157.01	1000.0	32.3437	3.54876	39.1915	6.3362	756000	2.16961e-08	92.7461	-0.00968658	-9.79762	2.93118	0.017211	0.2395	5.0	768.0106234550476
189	1198.19	17.8632	1228.55	1183.53	1000.0	30.3757	3.76077	38.4729	3.33721	760000	-2.82526e-08	83.6011	-0.0414957	-7.03091	2.87402	0.0141406	0.23775	79.0	773.0493485927582
190	1197.89	34.784	1253.57	1161.13	1000.0	29.9254	3.0396	36.4217	10.3826	764000	2.36034e-08	90.5104	-0.0312418	-5.36168	2.81228	0.0159364	0.22025	27.0	778.4098448753357
191	1258.0	31.4119	1292.26	1206.89	1000.0	30.6623	3.19865	37.354	9.04139	768000	2.02656e-09	89.1225	-0.00926877	-15.5618	2.85126	0.0153448	0.234	3.0	781.5762686729431
192	785.916	725.245	1224.5	-469.935	1000.0	29.7775	7.4802	41.2076	1.12396	772000	5.00679e-09	3124.18	-0.0416687	-2775.27	2.81885	-0.00157649	0.21275	79.0	786.7828695774078
193	1220.25	27.2086	1257.82	1182.44	1000.0	30.177	10.298	44.0856	-68.424	776000	-1.78814e-08	136.108	-0.0108136	-52.1321	2.8053	0.0163208	0.21925	4.0	791.2631878852844
194	1228.38	63.4107	1276.72	1120.55	1000.0	31.5724	4.90404	40.7839	-39.2487	780000	1.38283e-08	117.596	-0.0426651	-7.25637	2.7859	0.0119519	0.2325	79.0	795.1728587150574
195	1226.86	39.2884	1283.13	1182.8	1000.0	31.8799	5.28121	41.3482	-31.5423	784000	1.52588e-08	99.8881	-0.0433532	-7.9064	2.78732	0.0152276	0.22725	70.0	800.3309488296509
196	1195.77	32.0547	1225.19	1144.58	1000.0	31.3816	4.8897	42.3834	-52.4193	788000	7.15256e-09	93.064	-0.0111603	-11.0679	2.80789	0.0168854	0.19425	4.0	804.5469448566437
197	1226.3	31.6202	1281.06	1207.69	1000.0	29.4422	4.55513	36.5336	-31.0828	792000	-1.90735e-08	103.973	-0.0156032	-10.2788	2.76676	0.0161928	0.21875	11.0	808.8967871665955
198	1253.23	17.1854	1274.5	1226.56	1000.0	31.8649	3.3691	40.7657	-5.84301	796000	1.54972e-08	85.3245	-0.0145892	-3.51579	2.7058	0.0170397	0.19425	9.0	813.4278597831726
199	1250.17	13.33	1269.76	1232.15	1000.0	32.9477	3.35599	40.5652	-0.670577	800000	8.58307e-09	77.519	-0.0424548	-2.24202	2.71724	0.0135134	0.246	79.0	817.3647379875183
200	805.288	796.551	1288.16	-574.063	1000.0	19.7928	24.1573	44.3943	-46.6682	804000	-4.76837e-08	1880.35	-0.0418663	-1556.1	2.67736	0.00414192	0.2045	79.0	823.2113320827484
201	1241.16	22.1927	1264.63	1204.65	1000.0	33.9589	10.1229	56.0398	-79.8629	808000	-4.76837e-10	149.428	-0.0426017	-64.6674	2.67667	0.0155051	0.26375	75.0	828.3897094726562
202	1218.7	11.4795	1232.57	1200.9	1000.0	31.2329	5.65696	49.3364	-45.3177	812000	-1.83582e-08	87.4355	-0.0408469	-10.576	2.61649	0.0155539	0.228	56.0	832.0634903907776
203	1256.2	31.838	1295.63	1213.74	1000.0	30.1504	4.20666	38.5981	-65.6681	816000	2.38419e-10	86.2908	-0.0164172	-9.62121	2.59534	0.0169737	0.23525	9.0	836.6499629020691
204	1250.36	41.8023	1316.14	1213.65	1000.0	32.7317	3.82452	46.0975	-18.6117	820000	-5.24521e-09	84.7229	-0.0187506	-4.11447	2.58902	0.0153674	0.1955	11.0	841.1161375045776
205	802.779	761.542	1298.53	-514.619	1000.0	5.74445	45.4922	40.3521	-80.2109	824000	-4.76837e-10	360.248	-0.0116644	-144.999	2.60396	0.0205439	0.2325	3.0	844.2838921546936
206	1255.97	21.0577	1287.59	1229.37	1000.0	31.5923	7.38017	41.5719	-58.5092	828000	4.88758e-08	103.511	-0.0186177	-19.9494	2.61912	0.015691	0.20775	12.0	848.8018591403961
207	1229.17	25.3647	1256.28	1187.95	1000.0	32.1368	4.71514	45.2251	-45.8702	832000	2.38419e-08	86.4438	-0.0142622	-7.83531	2.51262	0.0178305	0.18825	8.0	852.0223627090454
208	1249.2	28.9006	1288.51	1206.93	1000.0	30.5671	3.90533	50.7616	-32.7554	836000	2.55108e-08	60.4698	-0.00811711	-3.42875	2.57343	0.0206903	0.22025	3.0	855.1963520050049
209	1255.3	30.602	1301.02	1225.16	1000.0	31.0852	4.43502	44.9379	-19.9826	840000	-1.83582e-08	94.4422	-0.00878198	-5.22136	2.54159	0.016265	0.19125	3.0	859.5732061862946
210	1241.34	19.7519	1272.87	1219.34	1000.0	32.1301	3.38644	39.7097	-7.102	844000	1.43051e-08	92.6864	-0.0443615	-5.82867	2.56231	0.0143192	0.253	79.0	865.0740504264832
211	1232.75	33.6947	1275.7	1184.18	1000.0	30.0468	4.96977	38.421	-72.8197	848000	1.69277e-08	88.5964	-0.0112704	-11.2736	2.54112	0.0149509	0.1805	5.0	869.5903689861298
212	1222.54	43.4731	1277.19	1170.14	1000.0	30.0398	4.22901	49.9682	-16.1433	852000	-3.05176e-08	93.3138	-0.013393	-4.36919	2.53307	0.0162025	0.24375	5.0	872.7643983364105
213	840.84	769.07	1294.84	-491.132	1000.0	3.77871	46.118	39.6739	-85.4554	856000	-9.05991e-09	326.717	-0.00588326	-155.316	2.5802	0.0149034	0.22825	3.0	877.2456855773926
214	1286.02	27.2448	1327.82	1257.44	1000.0	32.7232	11.0264	44.2126	-90.0772	860000	5.48363e-09	143.821	-0.0427918	-39.8062	2.53241	0.0142558	0.24075	79.0	881.149491071701
215	1266.28	28.5493	1299.16	1221.1	1000.0	33.7626	5.48578	42.3154	-69.1715	864000	-2.47955e-08	86.9187	-0.0140361	-15.4506	2.55839	0.0153065	0.23075	5.0	886.040114402771
216	1259.48	46.4376	1322.25	1206.4	1000.0	31.3552	5.7735	40.7019	-71.0662	868000	2.67029e-08	106.543	-0.0081668	-17.1328	2.57828	0.0151228	0.21625	3.0	890.1202502250671
217	800.436	738.297	1251.4	-478.057	1000.0	8.48979	39.9123	38.6795	-87.9463	872000	-1.33514e-08	612.427	-0.0399548	-432.315	2.53159	0.0102926	0.23925	79.0	894.064436674118
218	1244.69	15.1032	1270.09	1233.04	1000.0	29.469	5.24352	45.1063	-52.4773	876000	1.28746e-08	71.4394	-0.0186824	-7.69597	2.53269	0.015974	0.19975	12.0	898.6233143806458
219	822.808	779.266	1377.28	-522.213	1000.0	0.107136	52.1938	43.2983	-91.5272	880000	-3.40939e-08	227.241	-0.0120233	-21.6705	2.48183	0.0220222	0.27575	4.0	901.8004858493805
220	1251.69	32.0649	1300.56	1211.82	1000.0	31.3514	5.45731	45.0318	-26.3193	884000	-1.81198e-08	85.2251	-0.0175624	-11.7536	2.50079	0.0154458	0.19825	10.0	907.180522441864
221	1262.85	23.3875	1301.62	1239.34	1000.0	29.8154	4.35386	39.0317	-19.7211	888000	4.85182e-08	66.7374	-0.00863374	-4.77276	2.52572	0.0188865	0.2285	4.0	911.301292181015
222	1263.22	39.6295	1312.08	1203.49	1000.0	30.6409	4.09874	40.902	-23.0262	892000	2.86102e-09	70.2703	-0.0323951	-3.23231	2.51078	0.0151096	0.23525	34.0	914.7804443836212
223	1265.28	41.3015	1294.03	1194.58	1000.0	30.5417	3.98237	39.3819	-29.2608	896000	-1.52588e-08	81.7814	-0.0193338	-3.77242	2.49834	0.0182579	0.22375	11.0	919.146537065506
224	1273.16	15.6951	1287.36	1248.28	1000.0	30.433	3.01599	38.0974	2.13599	900000	2.64645e-08	74.1635	-0.0125411	-3.55643	2.46293	0.0160576	0.197	5.0	923.3713340759277
225	1253.87	45.2704	1320.56	1207.69	1000.0	30.8099	3.2279	41.6284	2.90879	904000	3.11136e-08	69.7998	-0.0106346	-5.44186	2.4765	0.0141736	0.21025	4.0	926.5425465106964
226	1260.45	37.6676	1291.73	1196.16	1000.0	29.1532	2.92703	36.9456	0.1726	908000	8.70228e-09	69.0065	-0.0126319	-3.05096	2.47777	0.0160705	0.23	8.0	930.5412082672119
227	1249.66	53.9618	1313.06	1164.58	1000.0	29.7266	3.30501	42.2353	0.170661	912000	2.21729e-08	86.2195	-0.00924776	-2.78526	2.4596	0.0139582	0.17175	5.0	934.6274869441986
228	1251.11	35.5757	1308.44	1211.05	1000.0	29.0302	3.63193	43.2462	-2.2172	916000	2.06232e-08	82.7832	-0.0193452	-4.05375	2.47546	0.0160969	0.2155	14.0	938.7367262840271
229	1269.29	38.9	1326.48	1229.46	1000.0	28.9898	3.45415	40.3908	1.65173	920000	3.42131e-08	75.9221	-0.0419297	-3.78493	2.45258	0.0148593	0.23025	74.0	943.9199750423431
230	1287.7	41.8493	1326.53	1226.19	1000.0	30.0859	3.23814	41.243	5.07002	924000	3.27826e-08	74.1112	-0.0176165	-4.45011	2.36553	0.016917	0.2025	13.0	949.1674518585205
231	1284.78	31.815	1313.58	1232.32	1000.0	31.3342	3.72811	38.2628	-15.8329	928000	0.0	93.4484	-0.0425778	-4.70284	2.38156	0.00819088	0.23925	79.0	953.0677628517151
232	1301.14	30.4352	1331.94	1252.05	1000.0	30.7902	3.43045	39.3012	-1.62593	932000	-1.85966e-08	80.8555	-0.00996744	-3.58697	2.40981	0.0164855	0.255	4.0	957.5531952381134
233	1265.0	22.7543	1297.65	1237.85	1000.0	31.3285	3.06523	39.878	3.75379	936000	-1.90735e-09	69.92	-0.0433709	-9.33228	2.36005	0.00836547	0.233	79.0	961.4560739994049
234	1317.05	53.7544	1404.31	1260.18	1000.0	28.894	2.87229	39.8032	-15.2564	940000	1.26362e-08	103.569	-0.0100373	-16.5573	2.37038	0.0153047	0.215	3.0	965.9690852165222
235	1315.86	46.1979	1393.45	1271.54	1000.0	32.5053	3.33534	41.721	5.60453	944000	2.38419e-08	88.3257	-0.00785056	-4.10242	2.33645	0.022601	0.24125	4.0	969.8286957740784
236	1299.33	46.6803	1335.0	1219.53	1000.0	32.9079	3.68583	40.819	0.50035	948000	4.1008e-08	80.2815	-0.00787282	-6.91333	2.33418	0.0140801	0.25675	4.0	974.4328722953796
237	1302.37	39.8542	1366.35	1257.08	1000.0	30.7227	3.11175	36.6268	6.13055	952000	-1.45435e-08	91.4786	-0.00802676	-3.44576	2.30461	0.01304	0.15025	3.0	977.5923941135406
238	1260.08	60.6012	1314.71	1157.62	1000.0	28.6886	16.8157	38.5808	-93.1559	956000	-5.126e-09	190.15	-0.0129636	-104.407	2.37684	0.0158559	0.23175	7.0	981.902509689331
239	1306.42	65.5713	1380.88	1240.81	1000.0	30.5806	3.7067	36.611	-3.40788	960000	-1.69277e-08	95.7647	-0.0176061	-5.65348	2.2651	0.0171589	0.2385	12.0	986.2807323932648
240	1286.18	48.1006	1363.38	1231.71	1000.0	30.5017	3.3382	40.563	6.93162	964000	-4.52995e-09	82.8174	-0.010866	-6.86766	2.28412	0.0144199	0.21075	5.0	991.5276358127594
241	1267.06	35.0816	1303.91	1229.35	1000.0	28.7852	2.95168	36.9258	12.5341	968000	1.26362e-08	73.2055	-0.0139136	-6.35976	2.25386	0.0189772	0.2225	8.0	994.7744762897491
242	1267.06	31.4972	1320.91	1243.22	1000.0	28.6376	3.55362	36.7769	2.46832	972000	-2.26498e-08	73.0604	-0.00885788	-4.11945	2.33264	0.0154721	0.23675	3.0	999.0864160060883
243	1312.98	23.2156	1347.75	1283.99	1000.0	28.1833	3.11164	36.3543	8.07898	976000	-4.76837e-09	70.8093	-0.0100406	-10.9934	2.30029	0.0202895	0.224	3.0	1003.3663291931152
244	1307.01	24.5667	1335.92	1277.02	1000.0	30.9824	3.42245	36.6545	1.94374	980000	1.66893e-09	91.6357	-0.00689302	-4.48765	2.30128	0.0190164	0.27475	4.0	1007.8606369495392
245	1288.02	16.7796	1316.26	1273.28	1000.0	30.5732	3.6316	39.4068	5.6904	984000	8.22544e-09	76.4165	-0.0126528	-5.81547	2.29023	0.0161534	0.18725	8.0	1011.1121315956116
246	1260.43	35.7963	1314.41	1216.98	1000.0	28.7907	3.24678	38.7367	0.0803336	988000	-3.45707e-09	69.8353	-0.0179818	-5.43451	2.29909	0.0157163	0.20975	13.0	1015.6350419521332
247	1290.76	34.4897	1350.4	1268.66	1000.0	27.3677	3.26068	34.9355	2.80449	992000	-4.69685e-08	74.8714	-0.011136	-6.93029	2.24578	0.0213413	0.24275	4.0	1019.725399017334
248	1295.88	49.8295	1360.27	1242.05	1000.0	29.3741	3.78019	36.4155	1.51857	996000	-2.92063e-08	86.8789	-0.00828443	-4.40526	2.17915	0.017468	0.26275	4.0	1022.9336023330688
249	1305.3	13.1585	1321.44	1292.02	1000.0	29.4259	3.28536	38.3764	3.98676	1000000	-8.10623e-09	70.5115	-0.0097565	-3.07228	2.22557	0.0140559	0.19425	5.0	1027.1193525791168
250	1299.41	14.0904	1318.89	1283.76	1000.0	29.7522	3.17342	36.0095	5.0431	1004000	-2.71797e-08	83.6287	-0.0410765	-5.93246	2.22698	0.0148895	0.23125	75.0	1032.98828291893
251	1316.15	43.2801	1366.45	1247.33	1000.0	29.1564	3.5412	39.4962	5.01699	1008000	4.04119e-08	84.2921	-0.0432861	-6.83411	2.18052	0.0112899	0.21475	79.0	1038.5064914226532
252	1290.34	36.348	1347.91	1248.4	1000.0	30.3742	3.33858	37.9648	6.46976	1012000	-2.92063e-08	79.9109	-0.0146609	-10.0738	2.1194	0.0191026	0.2655	8.0	1043.0259847640991
253	1318.3	24.2047	1347.17	1282.07	1000.0	28.2843	2.99989	37.3343	7.47947	1016000	1.43051e-08	88.5923	-0.012587	-8.01307	2.1146	0.0126935	0.13975	4.0	1047.5727953910828
254	1295.59	35.0661	1339.96	1256.98	1000.0	30.131	3.64997	38.2836	6.95059	1020000	1.04904e-08	67.2591	-0.0085323	-5.36555	2.10525	0.015122	0.20025	3.0	1050.8057959079742
255	1335.26	35.728	1378.62	1292.41	1000.0	28.8541	3.00768	35.4184	4.56353	1024000	2.7895e-08	83.9892	-0.00697969	-8.84722	2.10001	0.0174602	0.26425	4.0	1055.5924451351166
256	1301.41	34.2685	1356.08	1261.54	1000.0	30.8179	3.7227	38.3396	3.96808	1028000	2.86102e-08	75.1352	-0.0417598	-6.64175	2.09351	0.0123543	0.218	79.0	1060.6474967002869
257	1358.77	17.4453	1375.43	1332.61	1000.0	29.4238	3.22519	39.7664	3.19476	1032000	0.0	97.4635	-0.0139549	-10.5228	2.06946	0.0141906	0.201	9.0	1065.2423377037048
258	1333.89	33.6877	1386.25	1296.81	1000.0	32.1227	3.00825	38.9968	8.74927	1036000	5.72205e-09	80.2214	-0.0219923	-5.9005	2.05784	0.0164877	0.258	14.0	1068.5226438045502
259	1311.35	12.6281	1325.94	1292.39	1000.0	30.5952	3.75217	37.7778	3.01904	1040000	3.20673e-08	77.3922	-0.0432008	-6.79199	2.07206	0.00936181	0.22675	79.0	1073.7919068336487
260	1346.19	44.724	1422.03	1308.02	1000.0	29.1549	2.8133	36.6361	7.57801	1044000	-1.66893e-08	92.4665	-0.0181913	-7.63111	2.06705	0.0168201	0.1785	13.0	1078.9897980690002
261	1356.12	45.6296	1425.15	1296.89	1000.0	31.1978	3.14389	37.7819	7.11859	1048000	4.76837e-08	66.3263	-0.0176193	-3.08271	2.02269	0.015555	0.206	13.0	1082.2729737758636
262	1296.01	27.4131	1330.7	1264.53	1000.0	31.3711	2.90842	38.6125	10.4347	1052000	2.26498e-08	88.5326	-0.0203532	-16.1345	2.05087	0.0167103	0.21575	12.0	1086.8112497329712
263	1320.38	26.1661	1356.03	1289.84	1000.0	28.0531	3.2337	34.5648	2.34127	1056000	2.24113e-08	98.0501	-0.0130717	-5.60496	2.0617	0.0169113	0.238	7.0	1090.0300891399384
264	1291.89	22.0717	1323.99	1261.61	1000.0	28.6582	3.49127	39.5088	7.71678	1060000	1.5974e-08	73.674	-0.0119565	-7.69343	2.0472	0.0155526	0.1715	5.0	1094.3765273094177
265	1310.44	25.3446	1343.67	1273.42	1000.0	27.7594	3.98685	37.633	-0.60762	1064000	-2.6226e-09	62.5236	-0.0427156	-4.23401	2.05297	0.0117816	0.235	79.0	1099.301213502884
266	1287.5	50.9189	1336.68	1203.78	1000.0	27.982	3.09423	34.8127	0.831003	1068000	1.34706e-08	79.951	-0.0421265	-6.48804	2.0458	0.0114278	0.24375	79.0	1104.5763449668884
267	1296.29	24.2289	1322.37	1258.48	1000.0	26.5742	3.47214	34.1471	1.81866	1072000	4.1008e-08	63.8807	-0.0090339	-3.92168	1.9645	0.0152419	0.18875	3.0	1109.041767835617
268	1360.43	23.9641	1389.53	1325.17	1000.0	27.7216	3.37123	37.0025	2.88657	1076000	1.90735e-09	72.7411	-0.00868286	-16.1041	2.00645	0.0180456	0.2525	4.0	1112.2553572654724
269	1348.85	18.9606	1369.8	1319.8	1000.0	31.3858	3.17241	37.5892	5.91122	1080000	-2.15769e-08	78.35	-0.0200801	-5.19543	1.98828	0.0144938	0.196	15.0	1116.7483005523682
270	1328.04	23.2362	1356.63	1296.39	1000.0	30.1313	3.02374	37.3861	7.04051	1084000	-2.98023e-08	71.7891	-0.00794435	-5.2981	1.98801	0.0188469	0.23025	3.0	1121.6936388015747
271	1331.15	40.1377	1397.4	1292.55	1000.0	28.7606	3.05797	34.7253	5.51169	1088000	2.98023e-09	74.2823	-0.0139954	-6.23929	1.96894	0.0171018	0.206	8.0	1126.3013563156128
272	1348.54	20.1472	1372.23	1320.74	1000.0	29.7591	4.15571	35.5805	-0.268523	1092000	-4.07696e-08	70.5391	-0.00704957	-3.94878	1.98544	0.0178457	0.165	3.0	1130.6933908462524
273	1319.74	17.3749	1342.92	1295.44	1000.0	30.0041	3.33504	37.3062	4.09709	1096000	2.95639e-08	69.8708	-0.00895885	-11.2628	1.95715	0.0142994	0.194	4.0	1133.9052815437317
274	1278.05	29.5969	1324.37	1248.59	1000.0	27.2959	3.23745	34.6941	4.23437	1100000	-8.34465e-09	89.8337	-0.0118137	-12.2097	1.96863	0.011578	0.16925	5.0	1138.4338302612305
275	1320.7	44.7074	1373.45	1256.57	1000.0	26.3986	5.11891	34.8132	-10.7809	1104000	6.19888e-09	65.3954	-0.00729662	-8.24117	1.94346	0.00980945	0.1555	3.0	1141.6235473155975
276	1304.26	21.5105	1323.81	1269.25	1000.0	27.9822	3.46289	34.8156	0.270514	1108000	5.4121e-08	53.9364	-0.00953471	-4.0186	2.00447	0.0153955	0.19375	5.0	1145.9435319900513
277	1325.9	8.65655	1339.2	1314.95	1000.0	26.8776	3.06899	32.324	2.66021	1112000	1.33514e-08	54.6164	-0.0104549	-4.09327	1.97946	0.0159299	0.24275	5.0	1150.222758769989
278	1313.28	47.8935	1386.55	1269.7	1000.0	27.7485	4.46065	33.0702	-40.2235	1116000	1.95503e-08	75.3243	-0.00963149	-5.74384	1.96594	0.0186693	0.27575	4.0	1153.4257135391235
279	1338.48	58.7214	1402.6	1254.43	1000.0	27.9423	3.76384	33.9776	-19.4562	1120000	-2.14577e-09	73.8223	-0.0435746	-4.46393	1.93008	0.0133373	0.24125	79.0	1158.5916674137115
280	1368.3	17.5583	1394.67	1351.4	1000.0	28.9068	3.20421	38.2675	4.91245	1124000	3.00407e-08	60.0526	-0.00928885	-5.96395	1.97514	0.0144179	0.23225	3.0	1163.8082218170166
281	1316.82	49.7857	1378.58	1263.53	1000.0	30.2718	2.88342	38.672	4.80225	1128000	-9.53674e-10	74.0142	-0.00807793	-13.5426	1.93538	0.0171348	0.1965	3.0	1166.99942612648
282	1320.19	39.603	1368.47	1270.44	1000.0	26.7496	3.89141	34.11	-3.98057	1132000	-2.36034e-08	89.0852	-0.00942507	-10.5579	1.91754	0.0233597	0.2725	4.0	1171.3254318237305
283	1323.0	24.1025	1355.02	1291.4	1000.0	28.4005	4.41434	37.2665	-9.61968	1136000	2.58684e-08	63.9088	-0.00796695	-7.37545	1.97026	0.0183198	0.23825	4.0	1175.5571072101593
284	1338.15	40.4142	1396.37	1290.39	1000.0	27.0924	3.34263	33.4212	2.24157	1140000	5.48363e-09	57.212	-0.0146277	-4.24988	1.92818	0.0174791	0.2165	8.0	1180.1178646087646
285	1318.1	39.8632	1367.3	1276.8	1000.0	28.2714	3.11677	37.494	2.38606	1144000	2.95639e-08	69.6688	-0.00783701	-7.29692	1.91299	0.022472	0.26025	3.0	1183.3054208755493
286	1317.14	44.9343	1364.45	1243.16	1000.0	26.4451	2.89983	35.011	4.74075	1148000	-3.8147e-09	69.9014	-0.0438529	-4.01385	1.94567	0.0140508	0.2255	79.0	1188.8933689594269
287	1340.57	14.0405	1360.28	1326.37	1000.0	26.5616	3.31304	36.723	5.13552	1152000	2.09808e-08	75.3152	-0.0100502	-6.74483	1.879	0.0173749	0.21	4.0	1193.3787133693695
288	1327.83	9.63602	1340.47	1318.44	1000.0	28.1002	3.55687	36.5364	0.810356	1156000	-5.00679e-08	62.093	-0.0427997	-7.27304	1.91147	0.00715104	0.25225	79.0	1197.316954612732
289	873.928	796.268	1407.86	-502.888	1000.0	17.7905	16.2125	33.6094	-44.9428	1160000	3.00407e-08	2187.8	-0.039885	-1977.36	1.81142	0.00136119	0.187	79.0	1202.6085922718048
290	1370.56	36.5893	1412.21	1312.51	1000.0	26.7941	7.21085	44.3037	-53.0279	1164000	-6.19888e-09	110.677	-0.0120937	-27.9993	1.85723	0.0164091	0.2125	4.0	1207.8392806053162
291	1311.6	43.283	1372.95	1251.31	1000.0	29.3538	5.00487	37.9107	-54.2581	1168000	7.62939e-09	89.5962	-0.0203968	-22.4256	1.83273	0.0170097	0.22025	13.0	1211.1306777000427
292	1350.48	21.1242	1380.82	1322.92	1000.0	25.5806	5.5682	35.3417	-70.5159	1172000	-1.66893e-09	91.1375	-0.0102514	-21.8033	1.868	0.0190254	0.22	4.0	1215.8972697257996
293	1340.3	28.8653	1366.84	1292.76	1000.0	27.9323	6.87551	46.3527	-87.9495	1176000	-3.24249e-08	106.773	-0.00619515	-15.1344	1.82175	0.0203339	0.2285	3.0	1220.1254632472992
294	1326.29	15.9371	1353.29	1314.56	1000.0	27.7591	3.34491	36.1269	-9.81896	1180000	-5.96046e-09	63.566	-0.0164608	-4.97166	1.83455	0.0147114	0.2265	8.0	1223.365041255951
295	1375.1	15.0413	1396.32	1357.3	1000.0	26.6387	3.2078	35.2906	-2.93516	1184000	-3.71933e-08	85.756	-0.0133568	-11.4284	1.8397	0.0151107	0.175	6.0	1227.5046091079712
296	1327.03	55.4696	1363.52	1231.42	1000.0	29.2347	3.88291	36.3191	-5.98612	1188000	-2.76566e-08	65.1034	-0.00872346	-11.8111	1.80199	0.0179408	0.2145	4.0	1231.9387936592102
297	1368.42	29.4603	1391.53	1317.98	1000.0	26.6137	2.78584	41.5899	-0.769084	1192000	-1.90735e-09	68.5897	-0.00697362	-5.85133	1.8456	0.0197327	0.285	3.0	1235.139206647873
298	1361.96	15.7854	1387.56	1346.81	1000.0	28.5939	3.02137	35.9798	-0.0123783	1196000	-8.34465e-10	57.5102	-0.00639071	-1.84431	1.78776	0.0176657	0.19575	3.0	1239.6019263267517
299	1388.97	6.07633	1396.86	1381.65	1000.0	28.4061	3.03123	35.1998	0.171184	1200000	1.0252e-08	91.0133	-0.00828913	-5.68209	1.81136	0.0185675	0.1785	3.0	1242.9786200523376
300	1339.84	35.1375	1387.91	1296.55	1000.0	29.4773	2.97455	38.2496	0.0930066	1204000	-1.04904e-08	84.3158	-0.00395926	-11.4471	1.75851	0.0141568	0.15	2.0	1248.504325389862
301	1376.79	20.1369	1397.78	1343.54	1000.0	26.4779	5.73347	34.0868	-73.8443	1208000	4.79221e-08	98.6315	-0.0393728	-26.3425	1.82334	0.0111041	0.2145	79.0	1252.450655221939
302	1329.16	22.2312	1346.81	1291.29	1000.0	28.8737	4.2427	35.585	-37.2023	1212000	4.14848e-08	84.5637	-0.0404274	-12.5111	1.77773	0.0150561	0.23725	62.0	1257.5198287963867
303	1325.24	33.0485	1365.48	1288.52	1000.0	25.9589	3.01433	32.1014	2.90495	1216000	-2.28882e-08	60.1953	-0.0432169	-2.83479	1.77245	0.0128637	0.2315	79.0	1263.308195590973
304	1368.92	17.1675	1391.3	1349.65	1000.0	25.6579	2.92762	32.7894	3.30802	1220000	-1.19209e-09	82.4135	-0.0082036	-7.14945	1.75813	0.0140386	0.222	3.0	1267.5670306682587
305	1375.14	14.9771	1390.19	1351.27	1000.0	27.9159	3.17136	35.9396	-7.49763	1224000	4.14848e-08	66.8735	-0.00745441	-2.01157	1.73888	0.0188968	0.22325	4.0	1272.0578854084015
306	1330.86	28.8987	1377.51	1298.21	1000.0	28.1007	3.08874	35.002	3.79028	1228000	2.02656e-08	66.1481	-0.00776456	-8.98306	1.70991	0.0173579	0.183	4.0	1275.2620429992676
307	1349.91	19.5588	1368.95	1320.17	1000.0	25.6467	2.90444	32.3036	0.302721	1232000	-8.34465e-09	68.1406	-0.0115106	-3.4576	1.75993	0.0170937	0.195	5.0	1279.5428233146667
308	1324.37	30.4542	1363.49	1280.39	1000.0	26.607	2.97738	33.3965	4.20884	1236000	5.81741e-08	50.2532	-0.00753119	-5.74648	1.74652	0.0181555	0.20525	3.0	1283.8049416542053
309	1340.86	57.479	1421.98	1259.94	1000.0	24.6862	2.56287	33.0829	3.56831	1240000	-1.7643e-08	71.1646	-0.0113521	-3.97755	1.76757	0.0194058	0.21575	5.0	1288.2977590560913
310	1358.52	9.69693	1372.57	1345.16	1000.0	25.711	2.72894	36.3457	4.46549	1244000	-3.91006e-08	52.7855	-0.0067224	-2.68554	1.73714	0.0165009	0.17125	3.0	1292.381771326065
311	1375.28	34.1129	1426.1	1329.92	1000.0	26.5947	2.71293	32.2924	2.67782	1248000	1.19209e-08	82.8962	-0.0100895	-6.91418	1.66616	0.0197649	0.2215	3.0	1296.601535320282
312	1354.83	33.2539	1390.84	1301.4	1000.0	28.3581	3.42806	37.5169	2.827	1252000	-2.26498e-08	69.2455	-0.0434179	-5.48055	1.71416	0.012329	0.25	79.0	1301.6407413482666
313	1340.19	20.7229	1375.5	1322.54	1000.0	26.5149	3.24191	34.2833	1.15317	1256000	-7.27177e-09	70.6278	-0.0208369	-3.42504	1.65093	0.0151901	0.21125	12.0	1306.2416400909424
314	1356.64	17.1955	1373.76	1336.8	1000.0	25.9249	3.39061	36.4349	-0.000874758	1260000	2.52724e-08	38.7751	-0.0109987	-3.94878	1.71649	0.0160534	0.222	4.0	1309.431766986847
315	1355.81	30.819	1386.89	1319.67	1000.0	25.9703	2.48505	30.799	4.19964	1264000	2.38419e-09	49.8233	-0.0066771	-1.65779	1.65806	0.0200012	0.28975	3.0	1312.6178493499756
316	1367.4	22.963	1397.72	1336.36	1000.0	25.9927	2.46086	33.3509	4.49557	1268000	-4.92334e-08	72.4464	-0.00391075	-3.18012	1.68258	0.0234778	0.2245	3.0	1317.1496994495392
317	1362.67	30.947	1388.37	1310.12	1000.0	26.6985	3.02061	33.3495	4.34652	1272000	-5.72205e-09	65.0387	-0.00836615	-2.2624	1.66141	0.0176968	0.22725	4.0	1320.3475329875946
318	1386.39	29.2917	1412.99	1337.0	1000.0	26.9352	2.98173	33.238	4.31104	1276000	1.56164e-08	61.7441	-0.00783739	-3.43116	1.70085	0.0200656	0.2435	3.0	1325.014459848404
319	1354.92	37.1303	1415.98	1324.34	1000.0	27.9351	3.06906	41.1502	0.642895	1280000	-4.05312e-09	60.4697	-0.014135	-6.14557	1.64139	0.0157135	0.2335	9.0	1329.3694562911987
320	1349.5	66.5857	1443.8	1255.66	1000.0	25.9919	3.08676	35.0915	-0.730696	1284000	1.03712e-08	56.3428	-0.0132803	-2.13993	1.66023	0.0213564	0.2645	7.0	1334.716679096222
321	1372.28	24.8283	1393.68	1330.56	1000.0	25.9592	3.2622	33.3508	-0.682864	1288000	-3.17097e-08	65.8596	-0.0117566	-4.31742	1.63183	0.0127821	0.194	5.0	1337.9412868022919
322	1372.71	32.95	1419.58	1332.16	1000.0	26.8712	3.0633	38.2412	3.17128	1292000	-5.76973e-08	55.2226	-0.0445119	-2.6352	1.62253	0.0118993	0.26325	79.0	1343.260986328125
323	1340.56	16.6882	1369.3	1328.8	1000.0	26.4929	2.8404	32.5442	4.79302	1296000	-5.76973e-08	49.9128	-0.0377238	-5.63054	1.64088	0.0149483	0.221	52.0	1348.0419795513153
324	1355.74	20.8257	1383.07	1325.38	1000.0	24.4687	2.77986	31.5959	5.29758	1300000	2.98023e-09	50.3985	-0.0120892	-2.96685	1.57198	0.0146756	0.237	5.0	1352.572919368744
325	1376.03	19.0372	1393.79	1346.38	1000.0	25.3528	2.9438	31.5445	4.06187	1304000	-5.72205e-09	63.8227	-0.0124503	-5.08923	1.52489	0.0159556	0.24375	5.0	1355.809021949768
326	1358.92	27.3113	1402.19	1331.44	1000.0	26.8278	2.94374	32.7993	4.27693	1308000	-2.02656e-08	71.8874	-0.016602	-6.89442	1.56454	0.0153959	0.18975	10.0	1360.37180519104
327	1368.26	26.6292	1407.7	1340.36	1000.0	25.177	2.72249	31.9907	6.3488	1312000	8.58307e-09	56.1102	-0.00597242	-3.76706	1.60032	0.0211041	0.232	3.0	1363.5653626918793
328	1330.66	56.6935	1388.83	1273.73	1000.0	25.9076	2.94444	34.6873	-0.402198	1316000	7.20024e-08	72.2327	-0.00736448	-8.51339	1.58709	0.0203944	0.237	3.0	1368.0157942771912
329	1342.02	14.2454	1363.56	1323.87	1000.0	23.6036	3.10054	31.6362	0.632673	1320000	-1.40667e-08	58.2209	-0.0112349	-3.19505	1.59566	0.0170833	0.21025	5.0	1372.5721187591553
330	1352.25	12.7525	1369.21	1335.35	1000.0	24.3291	2.95114	30.4172	3.49775	1324000	-2.64645e-08	50.7998	-0.00934179	-2.90178	1.56747	0.0184664	0.19325	4.0	1376.6298887729645
331	1370.46	31.0556	1399.25	1318.1	1000.0	24.3605	2.7203	29.8577	6.73488	1328000	-3.29018e-08	53.9041	-0.00918482	-4.34674	1.54663	0.0164855	0.20525	3.0	1381.0197389125824
332	1366.04	20.7769	1394.56	1338.84	1000.0	25.7785	2.76818	32.1666	6.38668	1332000	3.60012e-08	46.9872	-0.00754235	-3.15711	1.56142	0.0131617	0.22425	4.0	1385.2003509998322
333	1368.52	25.2694	1403.23	1334.17	1000.0	25.4027	2.47158	34.0773	6.02871	1336000	-9.53674e-09	52.5878	-0.00576219	-2.22826	1.54098	0.0172967	0.2095	3.0	1388.4042384624481
334	1315.67	34.7934	1358.59	1279.97	1000.0	24.961	2.40395	31.1692	6.86722	1340000	3.43323e-08	60.7202	-0.0333875	-11.7634	1.60676	0.0158281	0.22925	29.0	1392.8234763145447
335	1393.53	36.1301	1454.3	1359.22	1000.0	22.2434	2.57329	27.7214	4.07877	1344000	4.55379e-08	85.5436	-0.0191793	-25.0792	1.49162	0.0179089	0.24525	11.0	1397.1962406635284
336	1350.81	6.41591	1360.1	1342.75	1000.0	26.8538	2.97871	33.1318	2.83344	1348000	1.12057e-08	69.6916	-0.0318174	-10.9909	1.4732	0.0149912	0.22225	29.0	1402.20929646492
337	1359.15	15.0056	1371.89	1334.45	1000.0	24.1037	2.86314	30.8534	5.0314	1352000	-3.26633e-08	71.169	-0.00986501	-4.18276	1.46761	0.019842	0.21775	3.0	1406.4085688591003
338	1370.27	37.9683	1412.18	1318.63	1000.0	24.5969	2.90696	31.8491	5.48676	1356000	-1.14441e-08	55.9198	-0.0149796	-5.73982	1.5099	0.0170722	0.17675	8.0	1409.6409134864807
339	1371.26	14.3328	1395.21	1357.85	1000.0	25.7242	3.24988	31.8101	1.09246	1360000	-4.43459e-08	63.3843	-0.00736841	-4.9935	1.4637	0.0151366	0.17625	3.0	1413.7315762043
340	1354.9	44.1576	1401.17	1286.02	1000.0	24.8712	2.62813	34.6032	6.45497	1364000	3.02792e-08	72.5659	-0.0122835	-5.67964	1.47464	0.0158129	0.187	7.0	1419.1871440410614
341	1365.09	29.3574	1387.93	1314.87	1000.0	23.8616	2.96772	31.3322	7.27392	1368000	-5.36442e-09	55.9562	-0.00998682	-4.20366	1.43935	0.0197628	0.2445	4.0	1422.3790085315704
342	1367.45	40.4508	1436.63	1334.11	1000.0	24.7451	2.79378	32.7156	4.30519	1372000	3.71933e-08	45.4108	-0.048682	-2.88855	1.46441	0.0140854	0.263	79.0	1428.0128874778748
343	1364.26	35.8312	1410.92	1314.24	1000.0	24.8426	2.87294	29.8038	5.59718	1376000	5.23329e-08	50.36	-0.0308217	-2.45557	1.46686	0.0156916	0.22425	25.0	1432.6191635131836
344	1371.94	34.3236	1399.96	1314.67	1000.0	24.7938	2.91174	31.9606	1.13814	1380000	4.29153e-09	55.0759	-0.0113763	-2.90243	1.4282	0.0152824	0.19125	5.0	1437.1097328662872
345	1365.63	14.8748	1379.84	1342.28	1000.0	25.1483	3.16331	32.9426	0.039911	1384000	2.86102e-09	50.9985	-0.0443321	-2.91858	1.49074	0.0140455	0.2525	79.0	1441.0474915504456
346	1387.0	23.7544	1407.62	1346.83	1000.0	25.0417	2.93499	34.9751	-0.154047	1388000	-1.38283e-08	65.8022	-0.0166233	-4.95536	1.43021	0.0183244	0.19125	7.0	1445.6135635375977
347	1358.09	26.3269	1386.35	1316.07	1000.0	25.813	3.40253	32.3416	2.69087	1392000	2.13385e-08	56.3363	-0.0116962	-7.33278	1.46142	0.0137071	0.2045	5.0	1448.8368906974792
348	1371.61	50.7364	1425.73	1303.68	1000.0	24.076	3.00408	30.7207	2.13292	1396000	-4.43459e-08	57.0419	-0.0176414	-2.90974	1.4431	0.0150992	0.19675	12.0	1453.554569721222
349	1407.45	21.5524	1432.78	1373.93	1000.0	24.7557	2.73311	30.1794	3.45936	1400000	-5.00679e-09	60.3499	-0.00705215	-7.94081	1.41917	0.017977	0.208	2.0	1457.869662284851
350	1359.34	44.3166	1433.32	1321.08	1000.0	26.5743	4.17604	33.1831	-45.8525	1404000	-4.55379e-08	69.0585	-0.029138	-12.3696	1.44765	0.0154781	0.2215	23.0	1462.2261183261871
351	1406.73	26.6454	1441.61	1367.19	1000.0	24.3232	3.21744	32.5696	-5.18548	1408000	5.57899e-08	61.7049	-0.0211982	-8.69118	1.40495	0.0178197	0.23925	13.0	1466.820951461792
352	1370.48	29.1615	1408.78	1339.44	1000.0	26.5305	2.59996	33.8829	6.0204	1412000	1.97887e-08	61.0213	-0.00813087	-8.62268	1.41911	0.018114	0.25375	3.0	1470.0356521606445
353	1363.44	22.6632	1388.09	1330.47	1000.0	24.2585	3.01372	33.4911	2.58147	1416000	2.67029e-08	55.608	-0.0123549	-5.07906	1.43069	0.014224	0.1985	7.0	1474.549911737442
354	1361.93	46.9978	1434.57	1303.17	1000.0	23.3514	2.60622	30.4885	3.06834	1420000	1.4782e-08	56.5498	-0.0103981	-4.53666	1.40626	0.0202231	0.23525	3.0	1477.7334547042847
355	1370.44	16.5168	1387.24	1352.23	1000.0	23.8969	2.87145	30.5532	1.33772	1424000	3.74317e-08	61.7972	-0.00655805	-4.52114	1.43721	0.0203459	0.2655	4.0	1481.9715881347656
356	1407.59	23.3269	1435.45	1382.9	1000.0	24.0069	2.94897	32.1907	3.79279	1428000	-3.3617e-08	57.9626	-0.0101508	-9.22692	1.38769	0.012405	0.17675	5.0	1486.2774217128754
357	1393.35	17.0038	1414.28	1374.22	1000.0	26.3523	3.11588	33.4775	1.30521	1432000	0.0	66.2174	-0.0432638	-7.90334	1.34171	0.011008	0.223	79.0	1491.5203893184662
358	1356.9	22.98	1380.95	1319.46	1000.0	24.7278	2.82711	34.4521	4.99054	1436000	3.09944e-09	55.2526	-0.00999703	-8.34985	1.37518	0.0167011	0.227	3.0	1496.0352802276611
359	1359.0	24.5275	1400.67	1338.62	1000.0	22.9451	2.67804	30.9968	2.98595	1440000	-1.91927e-08	62.874	-0.00804735	-5.59358	1.40969	0.0248824	0.313	3.0	1499.226329088211
360	1368.62	27.5845	1416.17	1350.11	1000.0	23.392	3.82031	30.4432	-1.0714	1444000	-1.54972e-09	52.8943	-0.0213562	-5.09577	1.39187	0.013968	0.19275	14.0	1504.6374230384827
361	1391.29	13.7588	1407.09	1370.01	1000.0	24.1954	3.55379	30.6007	-2.5224	1448000	-2.71797e-08	64.4666	-0.0440071	-6.85815	1.36138	0.00807224	0.24675	79.0	1508.5923309326172
362	1388.99	36.7043	1441.61	1343.16	1000.0	24.8494	2.87913	34.6857	3.64729	1452000	1.90735e-08	68.2993	-0.014098	-4.80008	1.36942	0.0153229	0.167	5.0	1513.2224638462067
363	1360.23	26.6535	1406.18	1340.75	1000.0	24.9496	3.43524	33.5952	-9.33864	1456000	-9.53674e-10	60.676	-0.0434281	-10.5961	1.35416	0.0132547	0.239	79.0	1518.3261098861694
364	1357.33	31.4927	1410.14	1326.99	1000.0	22.7043	2.62237	29.3135	4.00038	1460000	-3.09944e-09	43.0891	-0.00988262	-4.10451	1.35005	0.022521	0.26	3.0	1522.8726234436035
365	924.364	837.604	1427.59	-526.058	1000.0	10.1732	23.2073	30.8091	-69.7038	1464000	-9.32217e-08	1644.76	-0.0430896	-1462.12	1.35113	0.00530861	0.228	79.0	1526.8338108062744
366	1416.32	30.1475	1468.16	1393.26	1000.0	26.0191	5.76792	36.6772	-47.8432	1468000	-1.04904e-08	66.7634	-0.0130406	-10.2425	1.40219	0.0141858	0.2335	5.0	1531.494588136673
367	1403.33	14.6937	1417.55	1381.84	1000.0	26.456	4.4249	33.9578	-42.6397	1472000	2.07424e-08	58.4494	-0.0102381	-4.96144	1.3539	0.0137848	0.184	4.0	1535.837587594986
368	1412.48	39.0783	1466.99	1357.39	1000.0	25.8136	3.80134	33.94	-23.3079	1476000	2.38419e-08	54.4096	-0.00908284	-5.06465	1.32013	0.0179409	0.273	4.0	1539.026368379593
369	1361.4	51.1192	1440.39	1298.75	1000.0	25.2096	3.17483	32.5536	-9.23235	1480000	-1.12057e-08	64.8533	-0.0100129	-9.06739	1.27665	0.0160506	0.204	3.0	1543.4863150119781
370	1429.19	36.9794	1463.7	1369.9	1000.0	23.0124	3.3744	29.8391	-37.9561	1484000	6.07967e-08	81.5548	-0.0293806	-19.7377	1.34938	0.0157125	0.193	24.0	1547.874048948288
371	1391.48	36.9201	1429.54	1338.23	1000.0	27.0506	3.1071	34.4667	-5.19265	1488000	4.29153e-09	60.2801	-0.0119305	-8.89417	1.2531	0.0195498	0.26375	4.0	1552.3104424476624
372	906.489	842.952	1416.22	-552.984	1000.0	-5.10562	51.7105	30.3772	-99.2525	1492000	-4.76837e-09	235.624	-0.012222	-52.2285	1.26121	0.0138046	0.2395	4.0	1556.8518199920654
373	1379.8	32.015	1427.68	1341.94	1000.0	24.3554	5.48604	33.8105	-64.9776	1496000	1.00136e-08	65.0063	-0.0227132	-13.48	1.30682	0.0162877	0.209	13.0	1560.1071934700012
374	1384.87	23.4062	1413.75	1358.56	1000.0	23.9171	3.56577	30.4734	-26.3832	1500000	-1.64509e-08	54.7047	-0.0447746	-2.26788	1.32635	0.01371	0.252	79.0	1565.7058205604553
375	1411.3	54.6545	1476.87	1335.25	1000.0	23.8015	3.49887	28.7443	-43.7039	1504000	-1.38283e-08	70.6184	-0.0208409	-7.18707	1.26687	0.0169323	0.224	13.0	1570.2001917362213
376	1392.72	37.1793	1438.86	1335.01	1000.0	25.464	3.55177	31.8419	-6.21348	1508000	1.90735e-09	58.0217	-0.00844129	-3.29233	1.26723	0.0179713	0.24375	3.0	1573.3743312358856
377	1400.11	41.6658	1467.91	1364.41	1000.0	24.6573	2.96092	32.576	-4.63	1512000	5.72205e-09	57.5197	-0.0139125	-2.52142	1.23278	0.0133521	0.18275	8.0	1577.8747432231903
378	1395.26	29.7938	1422.69	1345.8	1000.0	24.4945	3.13293	32.1104	-8.37705	1516000	-4.1008e-08	54.732	-0.00860806	-2.46806	1.22751	0.0239317	0.2735	3.0	1581.0575845241547
379	1386.23	41.4952	1429.24	1344.04	1000.0	24.0339	3.18036	32.7062	-4.86142	1520000	2.47955e-08	65.389	-0.0145383	-3.55087	1.32721	0.0135516	0.20825	8.0	1584.278455734253
380	1366.8	19.9736	1387.23	1342.35	1000.0	23.3619	2.9098	31.3653	-6.98635	1524000	-1.43051e-09	41.1498	-0.0133307	-3.28608	1.24692	0.0152823	0.17975	5.0	1589.9861042499542
381	1367.07	24.4864	1406.71	1339.68	1000.0	22.3541	2.61226	28.3492	0.723509	1528000	1.88351e-08	43.6965	-0.0135383	-2.0938	1.26774	0.0164339	0.22725	8.0	1594.4709768295288
382	1375.89	32.6998	1416.06	1343.44	1000.0	21.9056	2.69436	28.9362	-4.80491	1532000	6.34193e-08	48.5159	-0.00859027	-2.74703	1.22555	0.0156304	0.1905	4.0	1598.8726699352264
383	1394.67	50.3113	1474.75	1344.73	1000.0	23.0198	2.90877	29.3672	-3.38668	1536000	-2.74181e-08	65.5738	-0.0113997	-4.89649	1.23671	0.0178284	0.17925	5.0	1602.9394390583038
384	1368.8	38.0356	1413.36	1325.78	1000.0	24.2162	3.26188	34.046	-1.75271	1540000	-3.43323e-08	54.5536	-0.045214	-7.0188	1.28541	0.0115576	0.25425	79.0	1606.8357212543488
385	1397.02	8.62694	1410.23	1386.1	1000.0	22.2978	2.81448	28.2412	-2.53021	1544000	-2.36034e-08	63.9124	-0.0171575	-6.41278	1.21282	0.0171838	0.17675	8.0	1611.348473072052
386	1401.69	41.0206	1457.08	1360.03	1000.0	24.3477	3.05937	30.2455	-0.625682	1548000	-4.3869e-08	49.4384	-0.00988563	-2.53596	1.1624	0.0173206	0.271	4.0	1614.5259420871735
387	1386.2	4.62333	1390.56	1378.93	1000.0	23.8234	2.71848	31.6828	2.29117	1552000	2.09808e-08	43.7695	-0.0077372	-2.19187	1.15003	0.0143604	0.27425	3.0	1618.8115365505219
388	1397.6	9.93659	1411.07	1386.08	1000.0	23.2633	2.81259	30.3296	-3.08685	1556000	2.90871e-08	46.9757	-0.00753333	-2.33308	1.13814	0.0194065	0.24275	3.0	1623.0266795158386
389	1381.2	42.9733	1447.14	1340.39	1000.0	23.7658	2.5228	30.1097	1.04549	1560000	-1.23978e-08	45.7585	-0.00599069	-3.5817	1.16812	0.0216257	0.276	3.0	1627.4635186195374
390	1413.1	38.2389	1455.0	1351.48	1000.0	22.7661	2.66286	27.7929	2.2191	1564000	-1.66893e-08	53.1304	-0.00642694	-6.41946	1.15336	0.0207387	0.271	3.0	1631.688318490982
391	1404.99	15.3872	1419.44	1380.56	1000.0	24.7722	3.17039	33.5038	-2.65421	1568000	-2.6226e-08	46.9058	-0.00942354	-2.36936	1.20287	0.0178129	0.26325	4.0	1634.882759809494
392	1373.25	39.3044	1421.76	1312.68	1000.0	24.445	2.82856	31.0321	0.782288	1572000	-2.14577e-08	53.95	-0.00903002	-6.91869	1.15477	0.0191688	0.25125	3.0	1639.238367319107
393	1390.52	22.111	1425.32	1364.28	1000.0	22.3582	3.12402	28.9	-4.81885	1576000	5.66244e-08	47.888	-0.00786593	-3.46344	1.12088	0.0221735	0.22375	4.0	1643.8746716976166
394	1389.37	55.5736	1461.72	1326.18	1000.0	22.9459	2.71718	30.2419	1.99454	1580000	-1.62125e-08	55.2214	-0.0101947	-2.39456	1.15569	0.0211997	0.275	4.0	1648.1513283252716
395	1418.86	19.6141	1445.55	1390.41	1000.0	23.3722	2.99388	31.0013	0.190512	1584000	4.41074e-09	47.5954	-0.0145404	-4.48118	1.13468	0.0123954	0.2095	8.0	1652.4261558055878
396	1403.18	50.2843	1457.19	1320.97	1000.0	24.6624	2.64157	29.6398	1.74516	1588000	9.53674e-09	45.8012	-0.00808017	-2.66531	1.16822	0.0200266	0.26725	3.0	1656.9059994220734
397	1384.64	43.0454	1427.14	1332.46	1000.0	23.5921	2.70856	34.4181	-1.8722	1592000	-3.33786e-09	53.2178	-0.0283061	-4.5719	1.18236	0.0165097	0.18175	25.0	1660.303802728653
398	1401.87	14.4469	1421.75	1381.43	1000.0	22.1669	2.54808	29.9461	3.26561	1596000	2.83718e-08	55.1478	-0.0150896	-3.79784	1.1163	0.0179348	0.19575	7.0	1664.7968401908875
399	1419.72	15.6857	1443.47	1404.06	1000.0	23.3234	2.87451	28.8568	0.0325075	1600000	-2.14577e-09	55.7255	-0.0141502	-4.32296	1.15554	0.0141398	0.16075	5.0	1668.841216802597
400	1421.38	23.5602	1439.28	1380.85	1000.0	24.6722	2.8442	30.0211	2.21937	1604000	5.48363e-08	57.7421	-0.00827779	-2.47738	1.12365	0.0128493	0.21575	4.0	1673.0337166786194
401	1416.67	30.0898	1454.03	1372.78	1000.0	24.7913	2.97556	32.2527	-0.336851	1608000	-1.14441e-08	60.5402	-0.00775763	-3.47084	1.14086	0.0146809	0.18325	3.0	1677.1331655979156
402	1384.43	2.53589	1387.29	1380.45	1000.0	24.1136	2.92276	29.8447	3.07588	1612000	4.99487e-08	52.9637	-0.00883942	-6.8705	1.17224	0.0189546	0.19175	3.0	1681.5198390483856
403	1422.93	32.2846	1456.54	1370.92	1000.0	22.2596	2.83381	29.1322	3.16483	1616000	2.6226e-09	61.155	-0.0108464	-7.2507	1.14113	0.0134006	0.20725	5.0	1684.6993789672852
404	1422.31	34.8604	1480.8	1388.74	1000.0	24.3296	2.8086	30.3563	-16.7017	1620000	-1.66893e-08	54.7895	-0.00681494	-2.45203	1.14319	0.0199593	0.24525	4.0	1689.2191033363342
405	1408.88	25.8031	1446.28	1382.14	1000.0	24.0447	2.60448	30.5893	5.51036	1624000	-7.62939e-09	59.9365	-0.0134383	-3.63463	1.14527	0.0160119	0.20825	5.0	1693.6869876384735
406	1412.5	37.372	1468.08	1362.94	1000.0	23.3916	2.8751	34.318	3.47119	1628000	-3.27826e-08	47.2953	-0.0147655	-2.5947	1.14543	0.0140163	0.168	8.0	1696.9183104038239
407	1400.44	21.3942	1433.35	1375.54	1000.0	23.8014	2.83661	29.5569	0.0253844	1632000	-1.44243e-08	58.8496	-0.0128957	-4.52065	1.08584	0.0156118	0.23525	7.0	1701.384550333023
408	1416.36	25.7115	1440.55	1373.3	1000.0	22.7496	2.82519	30.5173	5.2887	1636000	2.86102e-09	52.3433	-0.00984569	-3.57521	1.10931	0.0149614	0.1935	4.0	1704.564334154129
409	1401.11	16.1699	1423.49	1379.27	1000.0	23.3452	2.48471	31.7103	6.04535	1640000	1.38283e-08	47.6304	-0.0100095	-3.57298	1.11518	0.0202374	0.1975	4.0	1708.755977153778
410	1419.43	12.7888	1431.61	1398.85	1000.0	22.9777	2.76422	29.9057	-0.827372	1644000	-5.00679e-09	51.7637	-0.00630013	-3.18425	1.09188	0.0156922	0.2165	3.0	1714.1437561511993
411	1409.99	27.3482	1451.05	1376.4	1000.0	23.7907	2.57592	31.5132	4.53072	1648000	1.5974e-08	61.2972	-0.00772678	-3.42944	1.11357	0.0159462	0.201	3.0	1718.5883157253265
412	1421.35	26.1784	1465.3	1397.32	1000.0	23.3736	2.86611	30.1907	3.62152	1652000	-9.53674e-10	44.868	-0.0185792	-2.95379	1.08037	0.0140492	0.229	11.0	1721.8287689685822
413	1416.62	32.9114	1459.05	1371.83	1000.0	23.515	2.51805	30.8648	5.14358	1656000	-2.19345e-08	53.3678	-0.012403	-3.16235	1.0378	0.0198018	0.226	7.0	1726.1137402057648
414	1429.11	37.5699	1476.89	1385.35	1000.0	23.6178	2.77913	30.0896	-0.214017	1660000	5.36442e-08	57.5846	-0.0150671	-3.53596	1.05965	0.0147829	0.19375	8.0	1730.3859536647797
415	1403.83	35.6447	1455.95	1362.05	1000.0	24.1692	2.7215	30.8115	3.96207	1664000	-4.24385e-08	59.0078	-0.00826263	-5.71987	1.07519	0.0199267	0.294	4.0	1734.8633155822754
416	1431.34	54.8311	1526.24	1397.06	1000.0	22.7664	2.99268	31.5945	2.75403	1668000	2.52724e-08	58.6469	-0.0146733	-5.6144	1.01058	0.0135141	0.173	8.0	1738.0863692760468
417	1400.27	15.7703	1418.55	1375.17	1000.0	23.894	2.67369	30.2875	3.04156	1672000	4.88758e-08	46.185	-0.0147181	-6.05208	1.05159	0.0154216	0.20425	8.0	1741.3035018444061
418	1407.82	28.3865	1443.66	1364.74	1000.0	22.1262	2.66022	27.2324	-6.80663	1676000	-2.52724e-08	46.1498	-0.0440119	-3.34261	1.07911	0.0128293	0.24975	79.0	1746.8362987041473
419	1404.99	14.0603	1424.79	1388.19	1000.0	22.7485	2.77472	27.8183	2.51879	1680000	3.86238e-08	52.1708	-0.0258051	-3.83049	0.995385	0.0154793	0.1995	21.0	1751.4886906147003
420	1429.84	9.32735	1444.65	1419.5	1000.0	23.047	3.0382	30.7478	1.35432	1684000	2.09808e-08	51.906	-0.0208436	-3.68623	1.04577	0.0172986	0.22325	13.0	1755.822048664093
421	1415.42	14.7031	1431.85	1397.91	1000.0	23.8529	2.85581	29.1055	2.24299	1688000	5.53131e-08	46.7155	-0.0146127	-3.37516	1.0024	0.0164937	0.1525	8.0	1760.8730664253235
422	1436.73	34.507	1479.61	1383.49	1000.0	23.0234	2.6829	29.4989	1.76469	1692000	-8.24928e-08	54.8517	-0.00908536	-3.80718	0.998474	0.0144828	0.199	4.0	1764.0434057712555
423	1419.86	30.903	1469.27	1385.96	1000.0	24.0909	2.4721	33.4739	4.60302	1696000	3.29018e-08	49.4158	-0.0083982	-3.50353	1.00784	0.0128961	0.15375	3.0	1768.0166418552399
424	955.53	852.047	1451.73	-520.24	1000.0	-6.26936	51.2321	28.5223	-101.606	1700000	-3.38554e-08	263.201	-0.00471879	-73.9904	0.98725	0.027477	0.284	2.0	1772.539250612259
425	1417.81	18.8177	1446.35	1393.61	1000.0	24.4402	5.73573	30.7155	-49.0629	1704000	-3.09944e-09	67.0103	-0.0410567	-20.27	0.993107	0.0114899	0.2425	79.0	1776.4404084682465
426	1434.46	18.7422	1462.37	1410.27	1000.0	22.9343	2.52288	31.3037	-15.5127	1708000	-2.19345e-08	42.2298	-0.0108502	-3.53828	0.975749	0.0204875	0.203	4.0	1781.3448677062988
427	1436.29	13.053	1453.72	1418.05	1000.0	24.0444	2.48987	29.611	2.88193	1712000	-3.14713e-08	50.0502	-0.00763902	-1.94572	0.951735	0.0200815	0.266	4.0	1784.5141296386719
428	1412.98	28.1886	1449.85	1370.74	1000.0	23.7965	4.64268	34.9236	-87.7133	1716000	2.55108e-08	58.6912	-0.0127579	-15.5734	0.915116	0.0173407	0.23375	5.0	1788.6670145988464
429	1393.42	39.228	1436.2	1349.26	1000.0	22.4215	2.7068	30.4989	-4.80652	1720000	-3.8147e-08	50.6187	-0.0391298	-5.94945	0.951529	0.0155475	0.2065	56.0	1793.5147387981415
430	1412.36	35.5043	1468.15	1375.53	1000.0	21.0574	2.27392	28.4664	6.59016	1724000	-2.67029e-08	37.6429	-0.0108979	-3.21984	0.941365	0.0148878	0.21925	4.0	1799.182992219925
431	1415.67	7.04905	1427.48	1408.86	1000.0	21.7797	2.07549	27.6335	2.28114	1728000	-4.76837e-09	41.2851	-0.020014	-3.33247	0.988497	0.0156204	0.17725	12.0	1803.6968297958374
432	1430.31	14.3448	1449.22	1409.75	1000.0	22.6885	2.56266	31.4956	0.391977	1732000	3.02792e-08	54.5822	-0.0100596	-3.45225	0.964059	0.0165965	0.21025	3.0	1806.858730316162
433	1423.43	15.6232	1440.96	1398.53	1000.0	23.5671	2.7686	29.1446	2.43495	1736000	3.86238e-08	48.5368	-0.00646867	-3.42292	0.931652	0.0176438	0.21425	4.0	1810.0472362041473
434	1424.86	31.0279	1468.92	1382.47	1000.0	22.7964	2.51592	29.5244	2.47608	1740000	2.09808e-08	44.907	-0.0348835	-2.5481	0.923007	0.0151475	0.21875	41.0	1814.9587643146515
435	1401.48	59.1918	1447.4	1301.13	1000.0	22.6761	2.39053	33.1104	3.72502	1744000	-6.46114e-08	59.2212	-0.0204958	-6.2794	0.936547	0.0174048	0.2315	13.0	1819.4179532527924
436	1438.59	44.6706	1475.91	1365.32	1000.0	21.6139	2.82306	37.6486	-2.72359	1748000	7.98702e-09	54.4443	-0.00740217	-7.0576	0.895713	0.0152079	0.18325	4.0	1823.8747022151947
437	1417.87	13.2574	1435.05	1404.68	1000.0	23.476	2.73367	29.8475	-4.20867	1752000	-1.06096e-08	49.9579	-0.0119671	-4.51616	0.919247	0.0173414	0.227	5.0	1827.070860862732
438	1437.25	37.9711	1492.38	1393.07	1000.0	22.2509	2.47161	30.1475	5.97533	1756000	-5.72205e-09	50.9503	-0.00779063	-4.13316	0.959871	0.0192615	0.23425	4.0	1831.2421209812164
439	1408.73	26.0373	1446.33	1383.62	1000.0	23.2132	2.54836	36.2928	5.73457	1760000	2.3365e-08	47.0938	-0.0110539	-6.94161	0.843873	0.0132414	0.2055	5.0	1835.733600616455
440	1424.01	38.4369	1479.29	1374.44	1000.0	21.3536	2.61083	28.7102	6.90636	1764000	-2.38419e-08	41.1137	-0.0139611	-3.81182	0.866453	0.0163808	0.19425	8.0	1841.5801646709442
441	1395.44	44.4805	1450.35	1335.83	1000.0	22.159	2.36853	29.6454	-3.66518	1768000	-3.33786e-09	53.7488	-0.0164738	-5.33245	0.905482	0.0151679	0.2335	7.0	1846.8859083652496
442	1417.9	30.7607	1458.84	1379.86	1000.0	21.1478	2.94758	28.7679	0.387763	1772000	3.12328e-08	54.5423	-0.00992585	-4.33522	0.834889	0.0161052	0.2515	4.0	1851.6682395935059
443	1434.1	37.3058	1485.53	1395.57	1000.0	22.2204	3.08422	29.6606	0.547966	1776000	2.14577e-08	65.7689	-0.0119521	-5.00972	0.817245	0.0188146	0.20575	6.0	1856.617636680603
444	1394.09	40.0481	1456.64	1349.03	1000.0	22.463	2.91432	29.5735	5.74573	1780000	-2.67625e-08	60.7315	-0.00766995	-10.5162	0.899905	0.0206666	0.2065	4.0	1861.1245276927948
445	1383.22	27.6004	1411.54	1339.76	1000.0	19.817	2.76168	29.5234	5.75892	1784000	1.5974e-08	49.1611	-0.0105129	-4.83662	0.842042	0.0139914	0.2055	4.0	1865.6493003368378
446	1372.61	43.2545	1439.01	1332.5	1000.0	19.6972	3.19833	27.6722	-4.4282	1788000	-9.53674e-10	66.9383	-0.00958291	-8.23713	0.816155	0.0136608	0.17975	3.0	1869.0037462711334
447	1421.46	36.5851	1469.57	1366.68	1000.0	18.7017	2.94863	28.271	-0.344031	1792000	-4.76837e-08	70.7059	-0.0101851	-14.907	0.845257	0.0195024	0.19325	6.0	1874.255858182907
448	1423.78	28.4793	1472.08	1401.24	1000.0	21.9776	2.84179	27.1217	3.71318	1796000	3.91006e-08	48.924	-0.0095927	-3.19879	0.806421	0.0223626	0.26575	4.0	1878.6426537036896
449	1416.78	24.1388	1447.02	1379.66	1000.0	21.8336	3.01749	28.2395	4.06011	1800000	-3.24249e-08	41.3928	-0.0176312	-3.78045	0.846159	0.012896	0.22275	11.0	1883.2431650161743
450	1420.19	11.4694	1436.36	1404.12	1000.0	21.3672	2.33494	34.6963	4.55703	1804000	2.19345e-08	44.6433	-0.015286	-2.6424	0.846421	0.0163905	0.17675	8.0	1888.088385105133
451	1420.57	22.139	1455.73	1400.35	1000.0	21.3133	2.30442	27.5233	5.37605	1808000	-1.45435e-08	43.9805	-0.0223636	-2.95831	0.815856	0.0151851	0.2385	13.0	1892.689673423767
452	1414.27	12.63	1428.52	1395.67	1000.0	21.6567	2.64311	29.2464	4.57771	1812000	2.24113e-08	37.5376	-0.0272956	-2.59082	0.814129	0.0154545	0.196	23.0	1898.1461925506592
453	1387.41	33.847	1426.89	1340.73	1000.0	21.1388	2.58754	27.6843	2.05796	1816000	-1.64509e-08	45.1568	-0.0145303	-5.65891	0.759539	0.0141355	0.1385	8.0	1902.210457086563
454	1417.86	32.8171	1443.57	1361.73	1000.0	19.9152	2.84521	28.3644	-1.5615	1820000	-1.52588e-08	46.5806	-0.0384846	-6.32271	0.811506	0.0151948	0.2315	49.0	1907.2859544754028
455	1402.81	27.9284	1425.98	1355.28	1000.0	21.2152	2.89289	28.0892	1.44912	1824000	-1.00136e-08	47.0219	-0.0122472	-3.83478	0.747187	0.0139188	0.22075	4.0	1912.1521081924438
456	1442.71	17.5758	1473.12	1431.42	1000.0	20.8542	2.83343	28.8873	-0.169971	1828000	-9.53674e-10	48.2928	-0.00619492	-6.41856	0.77752	0.0156883	0.238	3.0	1916.9365038871765
457	1409.5	6.31489	1415.05	1398.87	1000.0	22.5124	2.42137	27.7285	6.87922	1832000	-1.7643e-08	56.0692	-0.0428129	-7.11216	0.734755	0.0152024	0.23725	61.0	1922.505645275116
458	1438.97	43.1967	1507.87	1388.9	1000.0	20.8287	2.72002	29.7234	3.12861	1836000	1.54972e-09	65.6685	-0.00984707	-6.86663	0.751986	0.0153029	0.1795	4.0	1928.0998363494873
459	1446.26	21.8921	1470.09	1411.07	1000.0	22.3838	3.05313	29.6724	-3.65133	1840000	-2.74181e-09	57.268	-0.0119319	-3.98946	0.731434	0.0186353	0.2125	4.0	1932.1911215782166
460	1405.89	19.2555	1434.48	1381.24	1000.0	22.6343	3.00294	30.9664	4.57565	1844000	2.14577e-08	43.7623	-0.045605	-7.79502	0.744292	0.0122628	0.242	79.0	1941.5735878944397
461	1429.24	42.2944	1460.77	1356.85	1000.0	20.6549	2.80614	26.4767	0.500139	1848000	5.50747e-08	54.3472	-0.0200861	-4.68093	0.697669	0.0163362	0.2135	11.0	1946.2969620227814
462	1440.01	42.9123	1476.39	1369.25	1000.0	21.6414	2.72931	28.9559	3.82972	1852000	-4.86374e-08	46.2977	-0.0456286	-3.41978	0.672276	0.0104355	0.2535	79.0	1953.1707081794739
463	1465.22	39.2562	1504.53	1401.85	1000.0	22.1966	2.47542	27.9499	7.91581	1856000	-2.26498e-09	47.8544	-0.0212076	-6.01368	0.709425	0.0148995	0.19275	12.0	1959.1123673915863
464	1418.27	41.5882	1461.99	1351.29	1000.0	23.7662	2.46105	30.5457	4.63088	1860000	-4.29153e-09	53.6235	-0.0125018	-13.144	0.681129	0.0140886	0.1795	5.0	1965.0059685707092
465	1435.55	33.3538	1472.68	1388.84	1000.0	20.566	2.25026	31.821	6.61649	1864000	3.05176e-08	52.3415	-0.0133321	-4.77186	0.662215	0.0172516	0.193	7.0	1971.0882411003113
466	1408.58	37.94	1464.43	1358.83	1000.0	21.7513	2.84124	29.6451	-1.57874	1868000	-5.6386e-08	43.5273	-0.0134212	-4.40905	0.707737	0.0143909	0.16975	7.0	1977.6024734973907
467	1446.73	28.775	1481.38	1407.36	1000.0	21.0736	3.1237	26.8476	-14.5749	1872000	6.67572e-09	51.6843	-0.0137437	-5.99862	0.657199	0.0135456	0.14875	8.0	1982.3935086727142
468	1431.37	38.6012	1472.12	1367.86	1000.0	22.8293	2.97445	27.7297	0.37829	1876000	4.76837e-09	49.15	-0.0434334	-4.5018	0.660314	0.00903554	0.23725	79.0	1988.7023701667786
469	1427.7	33.1066	1456.38	1371.33	1000.0	21.6346	2.90676	26.4085	1.78152	1880000	-3.91006e-08	45.6008	-0.0417848	-3.21277	0.647597	0.010388	0.2255	79.0	1994.3894102573395
470	1432.76	28.4676	1476.35	1396.51	1000.0	21.375	2.6914	26.4123	1.62325	1884000	1.60933e-08	42.2338	-0.00864812	-2.59665	0.64418	0.0161422	0.22475	3.0	2000.2171020507812
471	1458.6	38.9819	1499.21	1395.05	1000.0	21.7445	2.57801	27.6496	2.44775	1888000	9.20296e-08	61.2297	-0.0137157	-5.49869	0.661664	0.0163944	0.252	5.0	2004.7146198749542
472	1454.61	21.4498	1481.42	1425.6	1000.0	23.0576	2.78069	28.908	4.80459	1892000	1.90735e-09	59.0541	-0.0076621	-3.26619	0.627749	0.0205766	0.215	3.0	2009.1994442939758
473	1421.17	60.9659	1487.85	1349.12	1000.0	22.6483	3.16098	29.4957	-4.25145	1896000	1.19209e-08	51.9997	-0.00869104	-6.6168	0.703301	0.0161077	0.2345	4.0	2013.5717780590057
474	1447.98	30.25	1491.81	1414.2	1000.0	21.2672	3.39747	26.9228	-8.18081	1900000	-3.05176e-08	46.0689	-0.00757131	-4.75546	0.63217	0.0160738	0.26225	3.0	2017.7581191062927
475	1462.31	33.2679	1504.47	1417.1	1000.0	22.7389	3.04184	28.4748	1.45124	1904000	1.57356e-08	46.4642	-0.0109476	-2.9367	0.676489	0.0177517	0.2615	5.0	2021.94282579422
476	1451.73	33.3442	1481.97	1395.84	1000.0	23.3148	3.02778	32.3581	1.66165	1908000	1.52588e-08	58.0188	-0.00671056	-4.93564	0.671936	0.0164476	0.24025	2.0	2026.4120917320251
477	1448.74	35.3984	1509.67	1423.87	1000.0	22.7334	3.15415	32.347	2.9156	1912000	2.28882e-08	54.3659	-0.00718666	-4.57413	0.597185	0.0149835	0.18325	4.0	2030.7816643714905
478	1424.43	26.424	1452.51	1381.0	1000.0	22.4163	6.18155	27.8046	-96.2239	1916000	-1.54972e-08	61.5009	-0.0137469	-15.0832	0.704605	0.0178368	0.22275	8.0	2034.9938848018646
479	1433.24	48.3292	1511.62	1383.68	1000.0	21.8985	3.80477	28.3112	-6.10023	1920000	1.23382e-08	53.6721	-0.0126141	-4.74441	0.622985	0.0191064	0.2155	7.0	2038.9920120239258
480	1408.94	25.5237	1432.45	1369.14	1000.0	21.1629	3.02535	28.2698	1.96548	1924000	2.71797e-08	41.7526	-0.00904142	-5.2068	0.605447	0.014221	0.19125	4.0	2045.1905481815338
481	1436.72	57.8334	1504.81	1348.12	1000.0	19.827	2.93573	25.876	0.5337	1928000	1.62125e-08	70.5355	-0.0122412	-8.11941	0.689085	0.018947	0.25275	6.0	2049.9830536842346
482	1429.92	9.99474	1445.93	1420.42	1000.0	21.4955	3.23408	28.9913	-2.47384	1932000	-1.19209e-08	37.2123	-0.0105007	-3.55373	0.596103	0.0179244	0.23625	4.0	2054.165229320526
483	1469.61	41.5988	1536.51	1425.53	1000.0	21.2962	2.9563	27.3154	0.0304161	1936000	-2.42591e-08	68.4054	-0.0117026	-9.92969	0.615069	0.0172666	0.24925	5.0	2058.663708925247
484	1423.13	24.4271	1456.06	1387.94	1000.0	23.4553	3.32553	32.1004	1.01006	1940000	-5.72205e-09	70.019	-0.00762367	-13.8496	0.6186	0.013612	0.16025	2.0	2061.8423936367035
485	1428.97	5.32992	1437.75	1424.22	1000.0	20.2706	3.18448	27.5261	-1.74545	1944000	-2.24113e-08	34.0742	-0.00646134	-3.57904	0.637616	0.0222414	0.2935	3.0	2066.259951353073
486	1410.84	4.64751	1417.74	1404.83	1000.0	20.6427	2.6597	27.5665	2.6965	1948000	4.29153e-08	38.1452	-0.0105715	-3.57235	0.661104	0.0170714	0.2125	4.0	2070.8992080688477
487	1433.27	15.8106	1455.15	1411.12	1000.0	19.5571	2.50847	24.7043	1.29085	1952000	-3.48091e-08	50.7443	-0.00940924	-6.03125	0.548641	0.0203853	0.213	4.0	2075.2990539073944
488	1461.25	21.8827	1481.08	1428.28	1000.0	21.3927	3.0875	27.6377	-0.500322	1956000	-2.52724e-08	49.4469	-0.0112699	-6.48951	0.616624	0.0120808	0.20925	5.0	2081.6790618896484
489	1449.45	19.3163	1470.66	1425.07	1000.0	22.8823	3.31967	30.7257	1.29789	1960000	4.52995e-08	51.5755	-0.00879098	-5.49902	0.607134	0.0129584	0.16	4.0	2085.892599105835
490	1405.19	16.2708	1423.98	1387.26	1000.0	21.522	2.767	28.211	3.26651	1964000	-3.86238e-08	65.2918	-0.0107979	-11.1295	0.611276	0.0172945	0.154	6.0	2091.929610490799
491	1433.6	38.1404	1481.14	1395.02	1000.0	19.3237	3.30136	26.8457	-1.98234	1968000	-1.07288e-08	48.0353	-0.012353	-6.23542	0.575418	0.0148113	0.18425	5.0	2097.877125263214
492	1451.13	21.3235	1472.0	1418.09	1000.0	20.885	2.90524	27.0702	-2.56602	1972000	1.62125e-08	49.6139	-0.0114048	-3.87967	0.629194	0.0168687	0.167	7.0	2101.117565870285
493	1450.11	32.0137	1503.85	1424.61	1000.0	21.7538	2.50143	29.3625	3.10189	1976000	2.95639e-08	49.1908	-0.0309987	-4.20041	0.589749	0.014156	0.216	26.0	2106.074639081955
494	1471.92	43.0123	1507.0	1398.54	1000.0	21.7447	2.86563	31.043	0.447059	1980000	1.71661e-08	64.1089	-0.0208273	-6.6011	0.591169	0.0161838	0.198	12.0	2110.610446691513
495	1459.42	11.384	1468.39	1440.41	1000.0	23.336	3.43576	29.3251	0.842942	1984000	3.76701e-08	42.3383	-0.0101542	-4.96094	0.560866	0.0204586	0.27175	4.0	2115.202380657196
496	1478.21	49.461	1558.18	1422.89	1000.0	22.7967	3.2381	29.6528	-1.53725	1988000	-8.82149e-09	51.7821	-0.00798604	-4.08402	0.629447	0.0191105	0.2745	3.0	2119.976082086563
497	1460.67	47.1392	1518.28	1388.72	1000.0	23.3547	2.98156	31.0847	5.23858	1992000	4.52995e-09	60.5841	-0.00666032	-5.35473	0.549562	0.0105655	0.1445	2.0	2124.3317790031433
498	1427.0	36.559	1484.41	1392.41	1000.0	21.9201	3.19261	30.4692	1.59958	1996000	-3.17097e-08	47.0267	-0.00536084	-6.46592	0.58433	0.0167889	0.204	4.0	2129.031324148178
499	1431.72	10.2137	1445.26	1417.46	1000.0	20.2448	2.81191	26.7451	1.11072	2000000	2.45571e-08	53.0736	-0.0143582	-3.51389	0.552745	0.011607	0.1655	8.0	2134.458156824112
500	1376.07	86.4966	1440.4	1228.45	1000.0	19.1013	8.0399	26.5199	-79.1286	2004000	-5.93662e-08	80.1913	-0.0107137	-25.5182	0.562208	0.0185841	0.21875	5.0	2139.0442476272583
501	1458.35	40.4286	1493.61	1395.08	1000.0	19.8425	3.8124	28.2799	-22.7468	2008000	1.19209e-10	51.9385	-0.0392884	-11.1368	0.602553	0.0149232	0.21625	42.0	2143.7694449424744
502	1450.97	30.1014	1497.67	1421.49	1000.0	22.356	3.41529	28.5814	-7.44597	2012000	2.71797e-08	43.1477	-0.0111578	-3.62795	0.529251	0.0172952	0.20675	5.0	2148.411725759506
503	1428.47	21.6928	1449.04	1392.01	1000.0	21.5881	3.02783	26.718	-5.08241	2016000	-8.14199e-08	39.0962	-0.00960254	-5.05846	0.503422	0.0227395	0.26025	4.0	2153.5531170368195
504	1445.42	32.4642	1479.05	1403.31	1000.0	20.0283	2.86659	26.9136	-6.75037	2020000	1.78814e-09	53.4263	-0.0192819	-4.69011	0.5407	0.0199586	0.27325	11.0	2160.6710293293
505	1406.51	20.177	1437.42	1383.63	1000.0	20.8739	3.30213	27.7363	-0.162371	2024000	-3.5286e-08	52.4041	-0.00682716	-8.88091	0.556867	0.0211749	0.208	3.0	2166.8391704559326
506	1453.51	14.9933	1479.35	1442.94	1000.0	18.8911	3.14244	25.4506	-0.734532	2028000	-9.53674e-09	62.4608	-0.0449288	-10.6442	0.505143	0.0135214	0.235	79.0	2174.4948511123657
507	1438.49	52.9437	1485.47	1348.64	1000.0	21.1129	2.96839	27.548	0.764596	2032000	-2.58684e-08	64.3434	-0.0182487	-5.48978	0.460071	0.0165013	0.161	9.0	2180.532690525055
508	1438.79	9.93793	1453.03	1428.72	1000.0	20.2558	3.26828	28.7238	1.11749	2036000	-5.43594e-08	41.1607	-0.00777957	-4.19469	0.457611	0.0201784	0.248	3.0	2184.9344544410706
509	1447.88	39.9753	1488.88	1404.57	1000.0	20.668	2.84716	28.7826	0.0864897	2040000	3.67165e-08	42.527	-0.00811209	-3.89308	0.502516	0.0170053	0.20375	2.0	2189.8239607810974
510	1432.98	18.2207	1463.07	1414.05	1000.0	20.5518	2.61298	27.1773	2.8725	2044000	5.60284e-08	44.1136	-0.0114966	-3.87399	0.51411	0.0174882	0.2385	6.0	2196.9304282665253
511	1437.73	37.7081	1490.52	1386.5	1000.0	19.639	2.50179	26.395	2.21033	2048000	-1.10865e-08	35.5597	-0.0119903	-3.00006	0.435712	0.0170769	0.22675	5.0	2203.0859982967377
512	1423.49	32.09	1475.21	1394.06	1000.0	19.9613	2.31057	25.53	-0.82201	2052000	1.29938e-08	41.726	-0.00929524	-4.04201	0.432438	0.0211504	0.237	4.0	2208.408486843109
513	1210.4	468.4	1575.56	405.74	1000.0	12.2241	19.8162	26.1528	-57.6377	2056000	3.02792e-08	586.255	-0.0416252	-443.516	0.449863	0.00711284	0.232	79.0	2215.168595790863
514	1432.85	14.6159	1449.85	1410.46	1000.0	22.0122	5.13316	28.885	-35.7993	2060000	-3.95775e-08	48.0423	-0.0220466	-11.0481	0.446968	0.017206	0.204	12.0	2221.2363770008087
515	1447.32	42.1307	1519.44	1415.08	1000.0	20.0724	3.91965	25.8154	-15.6153	2064000	-1.71661e-08	51.4292	-0.0475794	-4.51571	0.458292	0.0132514	0.26425	79.0	2226.3821115493774
516	1495.79	31.3013	1547.0	1470.08	1000.0	21.5139	3.64119	28.5264	-9.88332	2068000	-1.2517e-09	57.4774	-0.0215011	-10.0152	0.440787	0.0152316	0.18875	15.0	2231.650943040848
517	1450.91	26.6285	1467.25	1404.8	1000.0	23.9936	3.81906	31.1621	-9.41962	2072000	-7.53403e-08	53.2199	-0.0487566	-13.8867	0.48522	0.0147627	0.26275	79.0	2236.6665754318237
518	1408.48	40.1842	1452.67	1361.64	1000.0	20.537	2.98556	26.0776	-10.3673	2076000	-5.93662e-08	41.8286	-0.0321981	-7.14242	0.397511	0.0154882	0.1985	29.0	2242.2138369083405
519	1454.73	25.2607	1492.56	1421.76	1000.0	18.5175	3.03012	24.2076	-13.7462	2080000	0.0	53.4064	-0.0185261	-10.6961	0.36171	0.0166702	0.1695	10.0	2246.5069530010223
520	1420.83	24.3891	1445.88	1382.95	1000.0	21.3023	3.42114	27.8533	-5.88007	2084000	1.93119e-08	44.3822	-0.013792	-5.54346	0.393323	0.0196996	0.236	6.0	2252.600760936737
521	1428.09	35.9385	1489.05	1397.36	1000.0	19.5892	3.9894	25.3857	-28.7836	2088000	5.96046e-08	48.1221	-0.00780879	-4.69707	0.423812	0.0177346	0.23	3.0	2257.362842321396
522	1437.81	34.6808	1487.63	1399.8	1000.0	19.1977	3.08454	25.5964	-7.53606	2092000	7.39098e-09	45.8685	-0.0184383	-2.61364	0.416454	0.0169891	0.217	10.0	2263.236052751541
523	1434.74	44.6206	1489.15	1377.65	1000.0	19.7092	2.78648	25.1758	-6.09793	2096000	2.3365e-08	66.2291	-0.0113827	-4.57087	0.39771	0.0150356	0.19325	5.0	2266.891711950302
524	1488.86	25.3936	1510.38	1445.66	1000.0	20.2398	3.5099	29.2255	-4.82705	2100000	-2.81334e-08	54.2648	-0.00786728	-10.7456	0.362984	0.0151308	0.22	4.0	2272.448035955429
525	1466.5	33.787	1508.12	1413.85	1000.0	22.7679	2.83252	29.2899	-5.7811	2104000	-3.38554e-08	59.0654	-0.00953507	-4.38007	0.385429	0.0187652	0.24375	3.0	2275.7432305812836
526	1439.42	46.2466	1506.83	1379.36	1000.0	21.5444	3.07529	28.0319	-6.83104	2108000	5.45979e-08	68.0289	-0.0258446	-6.45895	0.36398	0.0169054	0.2065	19.0	2282.292797088623
527	1454.45	41.1296	1496.94	1386.51	1000.0	20.4635	3.70344	27.9165	-6.87729	2112000	-6.67572e-08	55.2338	-0.0143996	-4.0728	0.358884	0.0128072	0.17575	7.0	2288.9593226909637
528	1465.8	24.4927	1506.65	1443.88	1000.0	21.1505	3.39363	28.1323	-1.61531	2116000	-1.00136e-08	48.7712	-0.0433872	-2.5938	0.358256	0.0148797	0.222	67.0	2296.2442560195923
529	1437.18	23.7352	1465.17	1405.71	1000.0	21.2056	3.21864	27.0392	-26.4854	2120000	-6.38962e-08	39.2237	-0.0195236	-4.54684	0.297085	0.017697	0.19925	10.0	2302.3614988327026
530	1460.92	13.5461	1479.87	1441.83	1000.0	19.7522	2.92828	27.4227	-2.62718	2124000	3.05176e-08	51.2015	-0.0172988	-5.01443	0.2686	0.0157132	0.2	9.0	2308.705909729004
531	1485.19	29.7609	1526.16	1455.71	1000.0	21.5352	3.27467	27.9039	-2.77995	2128000	-1.23978e-08	68.334	-0.0100259	-6.20839	0.317375	0.0177585	0.22275	4.0	2314.147128343582
532	1469.76	21.4526	1493.2	1434.85	1000.0	23.0519	3.62599	30.6456	-7.46911	2132000	2.5034e-08	47.2904	-0.00745758	-4.53582	0.313928	0.0171334	0.257	3.0	2320.006217479706
533	1456.16	22.4633	1480.32	1422.94	1000.0	21.6791	3.19551	27.9854	-5.00194	2136000	5.22137e-08	43.4203	-0.00525647	-3.12328	0.321288	0.016153	0.22875	3.0	2324.354843378067
534	1450.7	22.2085	1470.18	1412.93	1000.0	20.7249	3.09098	26.8098	-2.62925	2140000	4.24385e-08	54.7746	-0.012878	-3.83188	0.379517	0.0176569	0.2495	6.0	2330.0802812576294
535	1430.95	50.266	1484.0	1354.32	1000.0	19.9093	2.95729	25.4565	-2.28008	2144000	-2.15769e-08	46.2878	-0.0106713	-3.02678	0.271986	0.0188211	0.226	4.0	2335.539244890213
536	1404.66	33.7131	1438.12	1357.08	1000.0	19.3025	3.3659	25.1245	-3.91676	2148000	-6.73532e-09	52.6778	-0.0103111	-6.92223	0.286257	0.0162425	0.229	4.0	2342.1386790275574
537	1442.04	17.3708	1458.22	1413.26	1000.0	17.6516	3.0779	24.8487	-7.42491	2152000	4.86374e-08	43.8177	-0.0181264	-7.38747	0.285139	0.0164801	0.168	12.0	2348.7653632164
538	1456.47	23.6395	1483.88	1422.19	1000.0	19.8534	3.79305	25.7263	-27.9551	2156000	-2.0504e-08	43.721	-0.00466139	-4.48052	0.29769	0.0216203	0.27875	3.0	2353.686758041382
539	1480.75	20.407	1504.36	1448.24	1000.0	20.7204	2.937	26.7492	-6.98514	2160000	-2.24113e-08	44.1268	-0.032368	-3.92978	0.389578	0.015029	0.19775	30.0	2358.9228756427765
540	1468.11	12.6558	1479.55	1448.69	1000.0	22.0809	2.79722	26.7237	0.602283	2164000	7.76053e-08	43.428	-0.0197717	-2.85078	0.30176	0.0164712	0.272	11.0	2365.8113157749176
541	1435.58	54.18	1485.11	1345.82	1000.0	21.3688	3.45428	28.0957	-13.4311	2168000	4.85182e-08	63.0578	-0.00965733	-9.28217	0.301525	0.013067	0.13375	2.0	2371.6776156425476
542	1456.97	28.0141	1491.59	1414.32	1000.0	19.5313	3.87047	27.1411	-4.68631	2172000	1.23978e-08	44.5718	-0.00987701	-5.09826	0.217024	0.0138788	0.18425	4.0	2377.1687121391296
543	1447.58	17.8131	1467.78	1422.28	1000.0	20.2827	3.01838	26.2277	-0.916108	2176000	-6.79493e-09	50.6609	-0.00768527	-3.84923	0.283915	0.0208547	0.30725	3.0	2382.7522909641266
544	1446.89	31.8629	1476.87	1393.68	1000.0	20.1603	3.6157	27.589	-5.46361	2180000	-2.38419e-10	47.3379	-0.0444204	-3.36756	0.281272	0.0105516	0.24	79.0	2390.0721428394318
545	1462.02	10.0585	1472.79	1449.28	1000.0	19.7382	3.09943	26.6917	-5.00753	2184000	-3.17097e-08	49.8279	-0.0328716	-3.79202	0.241934	0.0151472	0.22225	29.0	2396.808502435684
546	1463.06	12.8563	1482.09	1448.72	1000.0	20.6633	2.9973	26.3568	-4.72427	2188000	3.09944e-08	40.1825	-0.0126633	-2.68666	0.212446	0.0220397	0.25525	4.0	2401.555953025818
547	1477.92	11.8315	1492.76	1462.6	1000.0	21.1981	3.3059	26.7717	-4.45284	2192000	6.7234e-08	40.6678	-0.00774352	-2.75073	0.214894	0.0218595	0.25425	3.0	2406.932988166809
548	1496.58	42.6695	1535.57	1429.71	1000.0	21.9796	3.02359	26.4154	-2.96003	2196000	-2.67029e-08	56.9672	-0.00879496	-4.24825	0.221016	0.0258643	0.30025	3.0	2413.5858323574066
549	1460.19	20.0176	1481.82	1437.73	1000.0	22.2421	3.29289	27.6466	-1.42636	2200000	-5.81741e-08	58.507	-0.00793881	-6.60055	0.220756	0.0136775	0.16375	2.0	2420.0524394512177
550	1460.8	58.6342	1534.38	1373.28	1000.0	20.8525	3.64868	26.7751	-10.7803	2204000	-1.3566e-07	51.9412	-0.00533976	-3.56364	0.19298	0.0212758	0.27875	3.0	2428.363766670227
551	1440.39	26.3022	1471.75	1407.5	1000.0	20.565	4.08988	27.6324	-29.684	2208000	5.24521e-09	46.928	-0.00757825	-5.75292	0.237134	0.0134993	0.22425	4.0	2434.4898245334625
552	991.316	815.173	1506.71	-419.796	1000.0	-1.80555	37.5549	24.2959	-79.051	2212000	1.21593e-08	501.899	-0.0358876	-337.222	0.233737	0.00147544	0.23275	79.0	2441.0455877780914
553	1504.77	7.39999	1517.25	1497.89	1000.0	20.2348	4.7679	27.7322	-41.7052	2216000	-5.14984e-08	51.0769	-0.0111313	-15.3155	0.208633	0.016042	0.213	5.0	2446.275151491165
554	1464.28	25.9741	1484.99	1421.15	1000.0	22.8491	3.74609	29.9589	-28.0952	2220000	1.65701e-08	56.8947	-0.00720483	-9.27143	0.196253	0.016692	0.2345	2.0	2451.12855052948
555	1441.06	35.8877	1479.94	1402.02	1000.0	20.3988	3.01092	26.3017	-7.89687	2224000	-5.00679e-08	54.2508	-0.0468289	-8.09028	0.159076	0.0115649	0.2805	79.0	2458.5919058322906
556	1462.45	19.6657	1496.06	1446.27	1000.0	18.3644	3.03936	25.9757	-13.0366	2228000	7.34329e-08	51.0896	-0.02018	-8.26643	0.123934	0.0184962	0.2135	10.0	2464.6990535259247
557	1460.84	46.5058	1521.31	1405.31	1000.0	20.8032	3.16607	28.8036	-8.9432	2232000	5.96046e-08	43.7431	-0.0435115	-3.10306	0.147539	0.0110085	0.27325	79.0	2470.690139770508
558	1432.28	26.844	1475.87	1403.39	1000.0	19.6935	2.65487	27.6217	-3.03752	2236000	1.18017e-08	37.2733	-0.0164452	-5.18909	0.0208081	0.0190443	0.204	9.0	2476.419565677643
559	1468.57	29.3928	1500.26	1436.69	1000.0	18.2161	2.81625	24.6684	-21.1985	2240000	6.62804e-08	56.4525	-0.0143443	-9.55334	0.0897307	0.0182091	0.18075	5.0	2481.0096337795258
560	1465.11	14.6407	1479.95	1440.78	1000.0	20.9266	2.9939	29.8917	-2.48867	2244000	-3.8147e-09	43.5284	-0.00662262	-2.21164	0.0701856	0.0119465	0.1115	2.0	2488.336574792862
561	1467.48	17.7979	1489.75	1441.29	1000.0	20.2342	2.84867	25.7263	-9.00358	2248000	-1.95503e-08	45.717	-0.0104246	-2.16116	0.0855029	0.0196447	0.246	4.0	2494.6938259601593
562	1455.01	39.1729	1522.23	1424.16	1000.0	19.8693	2.7941	26.0165	-2.14737	2252000	4.24385e-08	39.09	-0.0104057	-2.09003	0.0287913	0.0152051	0.19025	4.0	2500.255265712738
563	1471.14	39.99	1526.22	1413.63	1000.0	19.9571	3.02038	25.4241	-10.1372	2256000	5.76973e-08	50.5325	-0.00555515	-3.93881	-0.0049619	0.0151746	0.18675	2.0	2504.2073509693146
564	1467.12	24.561	1502.83	1440.98	1000.0	20.8963	3.14892	27.5024	-4.61264	2260000	-2.55108e-08	34.8415	-0.0116446	-2.62498	0.0462384	0.0195343	0.1925	4.0	2510.2834730148315
565	1477.97	27.7652	1526.04	1461.06	1000.0	20.4868	2.8279	25.3669	-3.12975	2264000	-2.71797e-08	45.2979	-0.0082178	-2.52337	0.0244759	0.0232618	0.26225	4.0	2514.9526925086975
566	1479.37	35.109	1539.09	1453.15	1000.0	20.9568	2.68826	26.2863	-1.10341	2268000	1.18017e-08	41.3137	-0.00784844	-2.47473	0.00960383	0.015834	0.18325	4.0	2519.4681305885315
567	1472.38	52.6392	1538.43	1410.02	1000.0	20.782	2.79346	26.4831	-3.1771	2272000	2.31266e-08	56.3449	-0.00759685	-3.92371	-0.00241639	0.0168178	0.16675	4.0	2526.0448908805847
568	1447.46	41.6743	1494.09	1392.08	1000.0	20.2225	3.05736	27.1403	-0.636248	2276000	-3.86238e-08	42.4913	-0.0240924	-4.56456	0.0574954	0.015827	0.1785	14.0	2532.4937794208527
