Epoch	AverageEpRet	StdEpRet	MaxEpRet	MinEpRet	AverageTestEpRet	StdTestEpRet	MaxTestEpRet	MinTestEpRet	EpLen	TestEpLen	TotalEnvInteracts	AverageQ1Vals	StdQ1Vals	MaxQ1Vals	MinQ1Vals	AverageQ2Vals	StdQ2Vals	MaxQ2Vals	MinQ2Vals	AverageVVals	StdVVals	MaxVVals	MinVVals	AverageLogPi	StdLogPi	MaxLogPi	MinLogPi	LossPi	LossQ1	LossQ2	LossV	Time	N episodes
1	-310.422	48.4135	-223.255	-351.53	-236.769	1.03088	-235.642	-239.109	1000.0	1000.0	5000	6.93473	5.02683	21.904	-5.07856	6.93477	5.02667	21.8588	-5.0772	7.86651	5.00355	21.9706	-5.25873	-2.66836	2.08432	46.9295	-12.538	-8.09936	0.117829	0.117046	0.213692	135.8702359199524	5
2	-252.777	64.4322	-203.341	-379.713	-140.096	8.70171	-128.737	-153.102	1000.0	1000.0	10000	22.634	5.90874	40.738	1.27428	22.6341	5.90922	40.7139	0.169814	23.7418	5.7846	40.7272	3.35095	-2.13132	1.99559	16.9684	-12.894	-24.0795	0.109159	0.104865	0.176331	266.30019783973694	10
3	188.008	318.722	617.377	-282.5	936.974	10.427	946.465	913.509	1000.0	1000.0	15000	34.1126	7.78626	54.2353	15.296	34.1126	7.78661	54.5071	15.0383	35.0235	7.74462	54.0207	19.6699	-2.4142	1.86099	12.025	-13.1889	-35.3744	0.111458	0.107401	0.211611	395.19097924232483	15
4	408.646	364.539	842.32	-138.522	202.332	198.218	736.351	46.4565	1000.0	1000.0	20000	42.455	11.6377	73.0564	21.9306	42.455	11.6377	72.4359	21.9073	43.2944	11.6135	72.266	23.4655	-2.26261	2.05308	14.2546	-14.0865	-43.6645	0.122609	0.120844	0.237417	539.6335246562958	20
5	1273.84	329.065	1732.35	786.782	1964.05	29.7162	2000.02	1916.04	1000.0	1000.0	25000	54.4134	18.4602	94.9301	25.3004	54.4135	18.4601	94.8676	25.0885	55.3016	18.4387	94.6651	26.6366	-1.76664	2.42171	14.7606	-13.1443	-55.7195	0.208803	0.209914	0.349954	676.9235019683838	25
6	1925.39	116.563	2094.13	1746.93	2425.64	14.1737	2453.64	2406.54	1000.0	1000.0	30000	72.4122	26.9703	119.161	28.4029	72.4122	26.9705	119.135	28.8456	73.3192	26.8751	118.131	30.6377	-1.29888	2.66676	17.4673	-14.6396	-73.7768	0.267699	0.264083	0.448067	804.6189110279083	30
7	2202.2	103.318	2354.52	2070.38	2730.48	15.6111	2745.84	2691.7	1000.0	1000.0	35000	92.7549	34.7178	143.582	30.7265	92.7549	34.7183	143.056	31.3477	93.6363	34.5736	142.517	32.8831	-0.886358	2.83346	20.2814	-13.9363	-94.143	0.370128	0.365173	0.571101	932.7868249416351	35
8	2473.71	64.84	2567.3	2392.13	3229.29	18.7841	3270.24	3201.75	1000.0	1000.0	40000	113.219	42.3698	168.386	31.8534	113.219	42.37	167.928	31.9804	114.09	42.2147	167.395	33.0617	-0.573877	2.90736	24.376	-14.3271	-114.641	0.495108	0.482838	0.712168	1057.964809179306	40
9	2799.7	111.036	2931.49	2643.94	2775.77	165.805	2979.7	2423.68	1000.0	1000.0	45000	134.057	49.4147	193.231	31.331	134.057	49.4151	194.033	31.2216	134.919	49.2412	192.294	32.9981	-0.298109	2.91223	24.1615	-14.6929	-135.502	0.687092	0.669166	0.880273	1183.342033147812	45
10	2998.47	55.9697	3060.96	2904.1	3515.68	15.1464	3535.24	3478.86	1000.0	1000.0	50000	154.965	55.7859	216.568	31.2471	154.966	55.7864	216.156	31.6231	155.85	55.5895	214.78	32.5487	-0.0173293	2.97606	22.4572	-14.0366	-156.467	0.81485	0.787417	1.01298	1308.3136944770813	50
11	3133.12	80.9163	3246.56	3018.08	3716.34	13.9691	3733.32	3681.35	1000.0	1000.0	55000	174.969	61.4093	236.023	30.8678	174.969	61.4097	235.819	31.0999	175.831	61.1921	235.098	32.1945	0.179326	3.0092	23.5831	-14.8522	-176.447	0.834476	0.809412	1.04312	1432.8519926071167	55
12	3362.44	67.103	3454.5	3256.41	4151.72	25.3777	4193.19	4104.32	1000.0	1000.0	60000	193.859	65.9272	255.207	30.4471	193.859	65.9276	254.872	30.6714	194.705	65.6868	254.474	32.0703	0.342308	3.0112	21.2234	-12.8386	-195.336	0.835834	0.814342	1.02804	1562.742478609085	60
13	3456.32	24.9345	3475.68	3407.0	4179.98	25.5271	4220.15	4129.89	1000.0	1000.0	65000	211.228	69.5501	271.76	30.4534	211.228	69.5504	271.777	29.3933	212.062	69.2785	270.978	32.1386	0.518044	3.0057	22.1613	-12.5554	-212.708	0.824161	0.803356	1.03857	1745.718584537506	65
14	3519.87	51.1511	3603.84	3470.3	4080.01	25.0773	4111.5	4023.2	1000.0	1000.0	70000	227.619	72.2059	287.661	31.3976	227.619	72.2062	287.046	31.8434	228.446	71.9009	285.907	32.7629	0.6577	3.00709	27.7472	-16.7283	-229.097	0.826747	0.79412	1.0564	1900.7808051109314	70
15	3617.97	52.5481	3686.92	3524.09	4196.81	16.9904	4217.68	4150.77	1000.0	1000.0	75000	242.314	73.9218	299.927	33.1517	242.314	73.9221	299.435	32.9242	243.113	73.5691	298.994	33.3944	0.737082	2.97378	28.6224	-13.7043	-243.746	0.771273	0.752415	0.999669	2055.2558093070984	75
16	3693.26	36.6726	3721.65	3620.78	4253.28	20.2881	4289.51	4221.75	1000.0	1000.0	80000	255.454	74.7143	310.945	36.1345	255.454	74.7149	311.225	35.7767	256.221	74.3475	310.705	37.9086	0.775319	2.96432	30.2665	-14.9932	-256.847	0.797205	0.759648	1.00682	2220.961256980896	80
17	3749.36	17.0507	3771.81	3721.07	4343.47	22.8113	4382.86	4295.89	1000.0	1000.0	85000	267.453	75.345	321.982	38.4798	267.453	75.3452	322.454	37.5502	268.187	74.983	320.697	39.1873	0.784919	2.98406	27.7093	-15.195	-268.794	0.755993	0.737562	0.996472	2383.457178592682	85
18	3854.81	26.7749	3890.92	3819.24	4384.7	11.7681	4400.24	4360.17	1000.0	1000.0	90000	277.853	75.854	331.946	39.3203	277.853	75.8543	331.32	40.2421	278.569	75.4607	331.015	41.343	0.829541	2.9769	35.2549	-14.9009	-279.173	0.75245	0.727264	0.976565	2545.2366948127747	90
19	3910.98	39.9576	3970.68	3863.79	4484.06	17.1909	4518.46	4463.17	1000.0	1000.0	95000	287.396	76.2149	340.159	40.2636	287.396	76.2153	340.878	41.1055	288.086	75.8233	339.652	43.4374	0.876409	2.97271	30.4075	-15.9037	-288.688	0.760347	0.727633	0.946142	2716.265800714493	95
20	3966.85	25.6004	4005.34	3926.85	4526.74	23.1387	4569.64	4491.69	1000.0	1000.0	100000	296.187	76.5058	347.93	43.1619	296.187	76.506	348.201	42.3905	296.87	76.0975	347.056	44.18	0.917753	2.98677	29.4945	-14.3503	-297.461	0.754715	0.723788	0.946588	2862.9902539253235	100
21	4013.53	63.4707	4102.45	3938.04	4568.93	18.1628	4603.51	4540.44	1000.0	1000.0	105000	304.474	76.0832	355.98	42.5504	304.474	76.0834	355.287	44.9982	305.137	75.6386	354.636	46.6941	1.00774	2.97006	28.8242	-13.3636	-305.728	0.766959	0.745683	0.952482	3005.345279932022	105
22	4090.51	26.218	4124.73	4057.88	4680.08	20.6438	4710.28	4654.22	1000.0	1000.0	110000	312.027	75.6602	362.136	46.8209	312.027	75.6604	362.193	47.8932	312.67	75.2308	360.995	49.1644	1.00802	2.9813	30.8188	-14.4746	-313.248	0.74979	0.728742	0.927922	3140.25914645195	110
23	4173.31	21.7292	4203.98	4137.65	4657.41	17.9264	4679.5	4625.74	1000.0	1000.0	115000	319.329	74.9342	368.876	50.0544	319.329	74.9346	368.432	49.758	319.967	74.4702	368.217	52.0773	1.04764	2.97372	28.0182	-13.8505	-320.536	0.759898	0.736873	0.945165	3269.2214179039	115
24	4220.17	46.2362	4294.17	4154.18	4823.08	11.9772	4843.0	4806.43	1000.0	1000.0	120000	325.913	74.1252	374.743	53.9349	325.913	74.1252	374.8	54.14	326.557	73.6117	374.552	55.8454	1.14123	2.97593	29.5839	-13.2616	-327.12	0.752579	0.744283	0.924404	3409.881676673889	120
25	4272.22	31.0014	4299.69	4211.93	4897.49	24.5841	4937.84	4852.92	1000.0	1000.0	125000	332.732	72.7041	381.174	61.1851	332.732	72.7042	380.71	61.7413	333.362	72.1888	380.057	63.5284	1.16794	2.97077	31.9126	-14.2458	-333.923	0.758589	0.746739	0.932662	3567.73868060112	125
26	4360.58	41.1614	4424.17	4303.03	4976.26	36.7625	5031.76	4894.85	1000.0	1000.0	130000	338.918	71.8628	386.659	62.7266	338.918	71.8629	386.695	66.4472	339.542	71.3522	386.202	68.6107	1.1817	2.98029	33.0878	-13.697	-340.091	0.756063	0.73672	0.890845	3713.040488243103	130
27	4375.79	43.0974	4429.4	4303.51	4866.39	27.604	4901.58	4820.35	1000.0	1000.0	135000	344.76	71.7523	392.005	68.8642	344.76	71.7523	392.575	67.9635	345.361	71.2691	391.204	69.965	1.20549	3.00622	30.7819	-12.8655	-345.905	0.758154	0.744675	0.92376	3848.730411529541	135
28	4458.26	52.8589	4530.21	4380.65	4970.7	44.8823	5054.37	4900.72	1000.0	1000.0	140000	350.129	71.8696	398.218	68.7742	350.129	71.8699	397.651	67.4796	350.724	71.3655	396.96	70.9486	1.24324	3.03234	34.2812	-12.8473	-351.268	0.806114	0.782757	0.916622	3976.774574995041	140
29	4489.1	43.2052	4539.6	4428.5	5075.35	30.8073	5120.36	5022.93	1000.0	1000.0	145000	355.501	71.4869	403.564	69.9161	355.501	71.4872	402.665	69.0851	356.085	70.9797	401.839	71.8247	1.31312	3.00061	29.1929	-13.0727	-356.624	0.803638	0.783437	0.918913	4105.000657081604	145
30	4585.5	32.376	4617.59	4540.96	5086.32	42.9365	5146.7	5002.18	1000.0	1000.0	150000	360.875	71.3111	408.273	71.1639	360.875	71.3111	408.289	71.1397	361.456	70.8124	407.217	73.1898	1.34724	3.02123	37.511	-13.2537	-362.002	0.810873	0.802862	0.925021	4233.167033910751	150
31	4614.45	72.8076	4747.44	4544.44	5202.71	30.7485	5255.84	5152.46	1000.0	1000.0	155000	365.785	71.787	413.539	70.9933	365.785	71.7873	412.725	71.1322	366.369	71.2884	412.316	72.9635	1.42679	3.06667	29.8846	-13.2309	-366.908	0.803311	0.783562	0.927213	4373.953738212585	155
32	4667.62	73.1318	4768.75	4547.99	5216.84	41.8872	5278.77	5132.24	1000.0	1000.0	160000	370.548	71.9942	418.289	71.3275	370.548	71.9945	418.055	71.4501	371.119	71.497	416.755	72.9247	1.40504	3.08859	33.1005	-14.4026	-371.655	0.82469	0.823485	0.943033	4535.235954046249	160
33	4753.43	60.5182	4827.35	4649.59	5355.17	40.1205	5412.08	5308.32	1000.0	1000.0	165000	375.583	71.737	423.074	71.9128	375.583	71.7374	422.936	70.9631	376.148	71.2224	422.257	73.5364	1.49047	3.07926	28.6596	-13.7995	-376.695	0.883809	0.847715	0.969528	4697.0617208480835	165
34	4813.22	72.828	4933.1	4703.82	5338.86	25.1192	5370.28	5299.1	1000.0	1000.0	170000	380.484	71.2317	428.883	73.5303	380.484	71.2318	428.602	73.9878	381.058	70.6954	427.463	76.2543	1.53693	3.10271	29.2787	-16.6791	-381.59	0.845405	0.836115	0.951651	4854.689277887344	170
35	4778.62	47.0668	4833.03	4708.74	5404.35	22.2074	5436.31	5369.32	1000.0	1000.0	175000	385.15	70.5458	433.121	76.1797	385.15	70.546	433.7	76.8055	385.722	69.9937	431.66	78.6907	1.59747	3.10894	29.6166	-13.8855	-386.26	0.869056	0.854212	0.96399	5020.947141885757	175
36	4889.17	27.5662	4923.95	4846.08	5458.79	46.2578	5545.72	5395.38	1000.0	1000.0	180000	389.877	70.1369	438.711	78.2011	389.877	70.1372	437.767	78.9023	390.436	69.6156	436.587	81.5324	1.62309	3.12377	30.0517	-12.4224	-390.971	0.894332	0.867944	0.964186	5200.701641559601	180
37	4747.46	267.267	4918.05	4215.83	5513.5	28.7774	5559.67	5463.68	1000.0	1000.0	185000	393.86	71.2794	444.253	74.2	393.86	71.2799	444.665	76.1809	394.409	70.7774	442.425	78.5774	1.69439	3.15691	34.1707	-14.8787	-394.951	1.13228	1.09108	1.14679	5366.36839056015	185
38	4938.88	66.7228	5047.3	4851.55	5572.58	41.9101	5627.18	5495.06	1000.0	1000.0	190000	398.454	70.664	447.954	76.482	398.454	70.6639	448.289	78.9073	399.018	70.084	446.312	80.7917	1.77941	3.17158	31.5704	-13.4321	-399.565	1.07055	1.05618	1.14483	5528.607045412064	190
39	4981.24	43.6918	5029.08	4920.06	5637.75	44.5503	5699.75	5571.07	1000.0	1000.0	195000	402.767	69.9835	450.947	77.9164	402.767	69.9836	450.697	75.6516	403.307	69.4417	449.803	87.2633	1.79285	3.18625	30.5171	-14.4709	-403.863	1.11685	1.08089	1.16717	5681.716434955597	195
40	5093.33	33.0745	5133.93	5058.7	5636.14	44.5289	5700.42	5562.12	1000.0	1000.0	200000	406.852	69.4534	455.729	65.0736	406.852	69.4538	455.802	84.8682	407.401	68.8503	454.152	87.7652	1.84345	3.18504	32.5585	-14.2662	-407.947	1.08835	1.06022	1.10478	5818.568209886551	200
41	5081.79	30.1238	5125.77	5049.72	5666.97	38.2326	5718.32	5594.83	1000.0	1000.0	205000	410.958	67.9004	460.132	93.795	410.958	67.9007	459.994	93.7265	411.515	67.2397	458.312	96.4293	1.89645	3.18007	29.7995	-14.2055	-412.058	1.04865	1.0387	1.10966	5955.626300573349	205
42	5105.38	48.713	5139.39	5008.62	5601.54	37.1136	5667.95	5544.19	1000.0	1000.0	210000	415.122	65.5655	462.804	105.335	415.122	65.5658	462.797	105.003	415.668	64.8745	461.649	107.321	1.94441	3.19821	29.8717	-15.8284	-416.221	1.08749	1.05271	1.0929	6083.251143217087	210
43	5126.81	64.0337	5202.16	5046.16	5656.01	39.891	5720.11	5597.84	1000.0	1000.0	215000	418.622	64.7322	465.936	115.226	418.622	64.7326	466.45	115.512	419.161	64.0461	465.203	116.6	1.96416	3.19729	39.4392	-14.5456	-419.712	1.0722	1.04483	1.10396	6233.259450912476	215
44	5161.13	40.2949	5221.21	5121.36	5828.87	27.7578	5877.96	5794.24	1000.0	1000.0	220000	422.45	62.5916	469.371	123.693	422.45	62.592	468.625	124.067	423.001	61.835	467.694	127.052	2.00087	3.19427	30.0682	-13.2565	-423.548	1.03542	1.01373	1.03	6374.838868141174	220
45	5197.29	79.5123	5274.47	5061.92	5857.72	33.261	5934.3	5802.25	1000.0	1000.0	225000	425.961	61.4956	471.742	135.971	425.962	61.4953	472.573	135.833	426.485	60.8112	470.613	138.05	1.97995	3.20662	29.2161	-15.0786	-427.023	1.01438	1.00868	1.0506	6523.1261677742	225
46	5252.12	98.8954	5343.13	5070.22	5836.15	26.3055	5873.64	5781.2	1000.0	1000.0	230000	428.757	61.9509	475.429	132.947	428.757	61.9511	474.995	134.005	429.26	61.3005	474.019	135.263	2.00603	3.21814	31.2795	-13.2045	-429.799	1.05552	1.05593	1.05195	6675.798446655273	230
47	5264.24	67.6323	5394.73	5200.69	5892.93	41.5345	5955.22	5831.21	1000.0	1000.0	235000	431.682	61.658	477.925	133.236	431.682	61.6579	478.213	132.72	432.204	60.9315	476.627	134.953	2.0395	3.21405	28.1301	-13.4669	-432.742	1.06808	1.06845	1.03203	6833.100922822952	235
48	5331.8	96.0771	5452.26	5183.64	5872.79	33.6243	5914.07	5814.72	1000.0	1000.0	240000	434.789	60.5831	481.099	141.754	434.789	60.5828	481.43	141.474	435.3	59.8621	479.614	142.349	2.07066	3.22136	33.7974	-12.9401	-435.842	1.05153	1.05977	1.05679	6985.565713167191	240
49	5356.41	31.9294	5393.01	5304.72	5937.57	64.062	5989.84	5757.64	1000.0	1000.0	245000	437.902	60.4846	484.393	140.841	437.902	60.4845	484.486	140.822	438.401	59.8144	482.799	142.112	2.06956	3.23676	27.4486	-13.9052	-438.937	1.05327	1.06148	1.04825	7130.661280870438	245
